#magIn r50in magMeas r50meas r50SE
27.13 3.761 26.75 5.17851814541 0.989708893024
27.42 1.895 28.75 -0.220484008657 -1.5
27.57 1.637 26.56 8.95817951717 0.980529495131
30.62 2.479 -21474800.0 -1.7 -1.5
23.23 2.67 23.32 2.53214983965 2.52948718201
30.88 2.769 -21474800.0 -1.7 -1.5
24.37 0.953 24.56 1.05577691805 1.2174782636
23.01 2.854 23.14 2.87978443289 2.81144690218
28.48 6.343 28.3 10.2829803144 -1.5
27.27 2.322 27.05 4.60547270146 0.794012204716
29.67 1.871 27.45 10.9842772813 -1.5
25.31 6.686 25.92 5.02911752244 3.47828613676
25.46 1.027 25.69 0.957575212759 0.868368220164
27.62 3.233 27.59 11.9544427213 -1.5
30.15 0.986 -21474800.0 -1.7 -1.5
25.13 3.408 25.44 3.35374599426 3.0914436632
28.77 4.26 27.4 3.8435731078 -1.5
29.23 1.379 -21474800.0 -1.7 -1.5
24.52 2.078 24.63 2.06886178527 2.0251763475
30.14 2.387 31.1 -1.7 -1.5
27.43 5.232 26.52 8.63234807462 0.416621833666
23.61 2.628 23.75 2.37060133947 2.43177635333
25.82 5.766 26.01 6.44376284502 4.99544134588
29.61 5.76 -21474800.0 -1.7 -1.5
24.46 3.971 24.6 3.67002695483 3.52755901086
23.2 3.668 23.35 3.70020006204 3.5390831368
29.28 2.284 27.94 9.38763538129 -1.5
27.72 3.19 27.53 2.77040279881 -1.5
30.72 3.339 -21474800.0 -1.7 -1.5
27.27 4.619 26.56 10.8162952631 -1.5
24.86 4.418 24.94 4.3275561246 4.03942205418
27.65 1.225 27.52 8.62932085341 -1.5
23.67 1.806 23.78 1.647280892 1.68479188619
29.2 1.367 26.73 9.46321369381 -1.5
27.83 4.383 27.39 4.19239568984 -1.5
30.82 1.475 -21474800.0 -1.7 -1.5
28.83 4.708 27.54 11.8519343763 -1.5
27.89 3.552 27.25 11.7001664338 -1.5
25.21 2.718 25.31 2.67769989578 2.19066396749
30.57 0.735 28.36 13.0072264367 -1.5
28.48 1.019 27.69 1.65181963296 -1.5
26.46 2.104 26.36 2.26548741119 1.72050457913
27.14 4.254 -21474800.0 -1.7 1.10450353255
29.33 3.956 -21474800.0 -1.7 2.35214929237
23.39 5.656 23.61 4.86723410555 3.07978443289
26.65 3.077 26.95 2.47735040339 2.44048169284
24.1 1.325 24.25 1.67674811159 1.54627480705
29.61 1.558 27.75 7.96186126568 -1.5
24.5 3.061 24.63 2.81823827873 2.65690237194
24.17 5.308 24.37 4.57566181497 4.10891696453
30.95 2.765 27.62 5.64411976447 -1.5
27.82 1.373 28.14 1.90428120332 -1.5
27.17 1.097 27.77 1.78039424003 1.1738747223
27.73 0.813 -21474800.0 -1.7 -1.5
27.63 3.546 26.59 8.36285449436 -1.5
26.53 2.716 26.71 2.66061788753 2.36853980031
28.88 2.253 28.22 8.06896302797 -1.5
26.94 3.09 26.65 5.51050727284 1.77895756563
27.34 3.986 27.76 2.67556522466 -1.5
28.85 1.375 -21474800.0 -1.7 -1.5
30.31 2.009 27.59 10.0554671022 -1.5
29.61 2.347 27.53 10.3705463093 -1.5
29.46 2.024 -21474800.0 -1.7 -1.5
23.57 2.643 23.74 2.36195241406 2.35433557697
26.22 1.183 26.35 0.976377220662 1.1057747619
24.8 1.602 24.96 1.38609697424 1.41590202932
25.86 5.678 26.13 5.69203070909 5.09491345652
28.44 0.97 26.6 8.71407645953 -1.5
30.62 0.384 28.53 6.15214715151 -1.5
28.7 1.494 27.39 8.47894637668 -1.5
25.75 4.009 25.62 4.22646491776 4.07677185208
28.23 0.819 28.02 0.450333684612 0.915576414735
29.92 3.941 27.48 11.0295371002 -1.5
29.72 1.525 -21474800.0 -1.7 -1.5
29.64 0.536 27.54 10.6784680685 -1.5
24.12 1.372 24.26 1.76468163988 1.64661421451
27.31 5.463 28.56 3.68147379154 -1.5
23.12 3.117 23.25 2.95285197975 2.94805344882
30.38 1.171 -21474800.0 -1.7 -1.5
25.68 5.208 26.2 3.42699122678 1.18886961781
23.78 3.776 23.92 3.46775090258 3.26585615577
29.38 5.395 -21474800.0 -1.7 -1.5
23.82 0.89 23.95 0.823601189929 0.838310721004
29.9 3.794 -21474800.0 -1.7 -1.5
28.61 4.678 27.86 4.2213038502 -1.5
26.23 1.323 27.29 0.271654561021 1.50269508062
30.12 3.641 28.11 4.96971741676 -1.5
29.91 4.163 27.48 10.6764558447 -1.5
24.28 3.454 24.56 2.92851382607 3.10415809669
23.52 1.019 23.65 1.09623706285 1.00930036307
25.2 1.418 25.33 1.45935906832 1.37748570859
30.0 3.869 -21474800.0 -1.7 -1.5
28.38 3.986 27.56 11.213573418 -1.5
24.68 2.669 24.79 3.05320031253 3.05645337182
24.31 3.838 24.45 3.65129079538 3.5725913846
23.07 4.979 23.24 4.41616971825 3.36064147338
28.61 2.773 27.65 6.4072044846 -1.5
26.52 2.671 26.59 6.53208908864 2.89583797993
26.9 4.61 26.95 4.23059353283 2.55438170273
27.94 1.03 27.28 9.07111741747 0.602319185152
28.45 0.995 26.94 12.6376324955 0.241805625453
27.36 3.818 27.64 7.50585373901 -1.5
27.17 4.574 26.95 4.47691178078 -1.5
26.33 3.858 26.45 3.60442290975 3.87418970621
23.35 0.545 23.37 0.681930383903 0.600799975451
28.84 1.375 29.71 1.59950333463 -1.5
24.79 4.857 25.08 3.99697781408 3.7606432127
24.1 3.741 24.24 3.35584030578 3.4174043174
27.6 1.075 27.92 0.800170852254 0.378707907074
30.15 1.079 -21474800.0 -1.7 -1.5
23.96 2.866 24.1 2.86812101616 2.74288029165
24.9 1.995 24.95 1.97188090789 1.88919078057
27.0 6.042 -21474800.0 -1.7 -1.5
23.49 3.722 23.64 3.79997339836 3.5212718866
24.1 5.036 24.31 4.45426693003 3.70534559649
28.55 1.012 28.32 4.03113597204 -1.5
23.42 0.735 23.51 0.863616188824 0.688551886101
27.91 1.702 26.8 5.98736544433 0.871085550195
24.43 5.671 24.76 4.38114717224 4.08299471808
26.98 0.637 26.64 1.37674567195 0.593185979582
26.54 3.645 29.07 -1.7 2.10650275004
27.41 3.724 26.75 5.97006563581 -1.5
30.02 6.187 -21474800.0 -1.7 -1.5
29.66 4.369 30.24 -1.7 -1.5
30.59 3.659 28.43 12.7621793401 -1.5
28.31 2.611 26.77 6.36353003717 -1.5
26.83 1.453 26.49 3.8072421264 2.61702993023
25.28 5.025 25.39 5.17544999008 3.62071748437
26.69 3.139 27.15 1.98072295957 2.75253371788
26.67 4.254 27.72 1.35097064483 1.78238484615
28.1 3.256 27.96 6.74211902525 -1.5
29.58 0.336 28.12 4.8549300253 -1.5
25.6 3.729 25.61 3.69083768613 3.7898336315
29.18 1.375 28.94 12.9620361435 -1.5
23.94 2.413 24.08 2.30998348599 2.35980009545
27.07 4.329 27.59 1.8686869381 1.78352700574
23.41 0.892 23.5 1.37089535852 1.21127338142
28.08 1.844 28.25 0.722262839968 0.343260093894
28.1 3.602 29.24 -0.240530103321 -1.5
27.97 2.039 29.12 -1.7 -1.5
29.5 4.086 27.43 3.53143670471 2.22815992676
30.57 5.305 29.0 3.74595013309 -1.5
28.36 5.684 29.34 11.4609172181 -1.5
29.28 2.045 27.58 6.06468717576 -1.5
28.21 2.362 27.47 8.152807215 -1.5
25.76 1.086 25.95 1.00506058131 0.924933537381
26.4 4.0 27.01 4.25432897434 2.46874663553
30.87 4.146 26.95 8.33559409148 -1.5
28.25 0.902 -21474800.0 -1.7 -1.5
24.92 2.079 25.22 1.58466903204 1.89371188449
24.67 2.388 24.77 2.22197802626 2.28862539362
24.3 4.381 24.41 4.26774159815 4.18351701032
28.28 2.901 27.34 8.63133900284 -1.5
27.59 0.677 28.39 0.591219418207 0.284275197844
27.24 5.603 27.46 2.47735040339 1.39672364512
25.21 3.427 25.21 3.83319496448 3.31117141912
28.99 3.168 27.9 9.81882443935 -1.5
26.22 3.242 27.0 2.51174899174 2.80288609945
23.75 2.756 23.89 2.90945433355 2.91503024671
24.43 4.364 24.59 3.89440176584 3.89187802494
29.28 5.706 27.65 8.15684749705 -1.5
25.16 1.157 25.07 2.02595682027 1.32182781457
28.5 1.992 -21474800.0 -1.7 -1.5
29.96 1.603 27.53 12.2639290567 -1.5
28.56 1.244 29.65 -1.7 -1.5
27.66 3.148 27.91 2.96237089683 -1.5
26.97 0.779 26.48 5.02399795475 1.60709671965
26.04 4.899 26.72 4.19239568984 3.46989377515
30.8 0.992 29.44 7.1556201274 -1.5
26.6 1.552 27.8 0.0319020330303 0.737573264883
24.63 0.283 24.79 0.432460854049 0.353999757584
29.58 1.406 -21474800.0 -1.7 -1.5
25.39 1.358 25.33 1.90983439819 1.24468781905
23.07 0.379 23.17 0.594012204716 0.45187845125
24.82 5.328 25.25 3.8549871115 3.78879138989
28.57 0.925 -21474800.0 -1.7 -1.5
23.39 3.207 23.57 3.20059387606 3.15073630737
25.91 1.707 25.67 2.27852104004 1.4920543632
30.23 6.263 -21474800.0 -1.7 -1.5
29.19 2.255 -21474800.0 -1.7 -1.5
23.64 2.819 23.73 2.96342839236 2.97040279881
30.72 1.169 26.53 10.2427170568 -1.5
27.86 3.002 27.25 6.18366440103 3.76481424988
26.23 2.883 27.05 1.17025575416 2.92249040699
28.05 2.281 -21474800.0 -1.7 -1.5
25.22 4.764 25.51 4.39453978157 3.86794546508
26.02 2.974 26.27 2.28829057924 2.2589709288
26.32 3.915 27.81 0.41443061065 1.62687930686
23.11 4.262 23.26 3.92342898572 3.70325773489
26.4 3.795 26.46 4.1138765653 3.17505871871
29.74 4.018 -21474800.0 -1.7 0.931600707584
30.49 6.228 -21474800.0 -1.7 -1.5
26.08 0.922 26.01 1.37791520182 0.966056133289
28.58 4.084 27.38 6.82831459132 -1.5
27.41 4.679 26.6 5.87030681064 -1.5
25.73 3.488 25.86 3.08799360955 2.82856013705
28.68 0.362 27.75 1.60862114388 -1.5
29.53 2.875 28.64 4.49852215403 -1.5
28.4 3.357 27.9 2.26331429078 -1.5
23.88 3.129 24.0 2.90415809669 2.95763381317
27.33 1.418 27.85 -0.122221854036 -1.5
28.68 5.564 -21474800.0 -1.7 -1.5
23.36 3.651 23.47 3.57211277777 3.30063778673
30.31 1.043 -21474800.0 -1.7 -1.5
30.75 0.702 -21474800.0 -1.7 -1.5
26.38 1.65 26.53 1.50784863294 1.4314418412
25.67 3.682 25.51 5.20510589117 4.46877324759
28.27 4.393 26.97 10.269894967 -1.5
24.43 2.724 24.61 2.52356209587 2.59436788148
30.35 1.421 27.72 3.64920861605 -1.5
23.19 3.998 23.32 3.71268088422 3.53279761282
27.28 3.655 27.87 3.3390831368 -1.5
27.3 0.521 27.27 0.830083522542 0.956814190607
25.53 1.385 25.47 1.84416048746 1.23851677759
30.44 3.459 28.08 2.16198542728 -1.5
29.51 0.906 -21474800.0 -1.7 -1.5
24.91 1.846 25.02 2.04467331133 1.83024303152
23.72 1.449 23.85 1.7725405125 1.84160470318
24.71 3.473 24.88 2.99619487933 3.07978443289
26.72 4.069 26.24 5.75419302361 3.04902628702
29.31 1.388 27.07 9.46925958888 -1.5
28.19 4.1 26.79 7.43502646498 -1.5
27.72 3.242 31.38 -1.7 -1.5
23.87 6.243 24.13 5.2122632372 3.54850979818
28.71 3.618 -21474800.0 -1.7 -1.5
23.92 3.552 24.02 3.34850979818 3.27534522739
26.83 1.72 27.11 1.07910977344 1.65356833789
26.66 0.771 28.04 -1.7 0.869727193989
24.38 5.368 24.51 5.29607876749 4.21975175046
24.52 3.94 24.59 3.90062295629 3.54746248728
24.4 4.33 24.54 4.07458643088 3.74708506931
27.09 2.763 -21474800.0 -1.7 -1.5
24.49 1.962 24.63 1.84192851708 1.86542418732
25.85 3.362 26.23 2.74379450403 2.64936431458
30.67 0.822 -21474800.0 -1.7 -1.5
29.13 0.722 27.95 3.50012578216 -1.5
28.05 3.525 -21474800.0 -1.7 0.789821920249
23.62 4.937 23.82 4.40793036229 3.90436063305
27.01 5.711 27.39 5.5319335351 -1.5
28.37 4.236 27.96 5.28892574557 -1.5
24.59 2.543 24.66 2.67556522466 2.40018543993
27.64 0.444 27.96 0.0936955247158 0.669526650382
25.22 2.945 25.47 2.42350053401 2.52298802279
28.83 2.338 27.06 5.02399795475 -1.5
28.36 3.753 29.65 1.85977354193 -1.5
24.92 1.656 25.0 1.76468163988 1.65820123852
29.38 0.704 -21474800.0 -1.7 -1.5
29.67 4.837 30.18 -1.7 -1.5
28.25 0.578 27.4 4.57874611872 0.95152181725
30.15 4.87 28.57 13.5835483192 -1.5
24.31 3.743 24.51 3.42803677139 3.38903273141
23.1 1.289 23.21 1.32981589952 1.25454597716
27.16 5.433 27.13 3.7334763545 -1.5
28.65 5.027 -21474800.0 -1.7 -1.5
30.17 4.244 28.81 13.7009988399 -1.5
25.19 0.502 25.19 0.779216206629 0.456846688845
28.49 1.365 -21474800.0 -1.7 -1.5
25.93 1.814 25.92 1.8965029532 1.51803681482
30.31 1.64 -21474800.0 -1.7 -1.5
28.4 0.415 27.53 5.5472362358 -1.5
23.59 2.95 23.69 2.92639663936 2.65259521442
23.26 4.508 23.43 3.99283630505 3.57782485965
26.02 4.089 26.2 3.60338094827 2.99592442509
28.84 5.06 27.88 6.8739365977 -1.5
28.36 4.667 27.39 9.59520352329 -1.5
26.14 3.574 26.47 3.25625272018 3.36484884387
30.62 1.394 -21474800.0 -1.7 -1.5
24.22 6.315 24.48 5.51560902776 4.52137038924
29.1 3.579 28.03 6.03722105812 -1.5
29.82 4.198 28.49 8.06896302797 -1.5
24.43 3.174 24.53 3.07218246986 2.95869810564
30.95 3.268 -21474800.0 -1.7 -1.5
28.8 3.287 -21474800.0 -1.7 -1.5
27.15 1.041 26.98 1.40360062416 -1.5
23.76 1.002 23.87 1.01375627962 0.994943673171
26.18 3.736 26.74 1.95971438052 2.4502704259
26.41 2.078 26.07 3.40398350215 2.32698719239
25.13 2.901 25.41 2.41271514693 1.92756186038
28.16 0.341 27.07 3.68043326464 -1.5
28.38 2.791 32.36 -0.226135477215 -1.5
24.33 4.655 24.43 4.40587040434 3.96985095791
24.17 0.983 24.29 0.942477271062 1.03267334614
23.86 1.481 23.97 1.43501114422 1.3907182725
30.96 4.888 -21474800.0 -1.7 -1.5
30.27 4.596 -21474800.0 -1.7 -1.5
27.74 6.375 29.66 -0.100953602837 -1.5
24.96 4.52 24.97 5.13044222902 4.75098386838
29.88 2.392 27.17 11.0084161006 -1.5
23.71 2.273 23.8 2.34789035005 2.32370246059
26.27 0.637 27.17 -1.7 -0.0347252575587
23.77 2.181 23.88 2.27634937229 2.23036272058
29.3 2.333 26.59 11.5775321456 -1.5
30.03 4.681 -21474800.0 -1.7 -1.5
31.0 2.898 29.24 2.4008451406 -1.5
25.42 3.495 25.49 4.07872321713 3.61130533845
28.82 2.439 28.94 1.72418142596 -1.5
25.4 1.996 25.63 2.13355476142 2.61163631968
27.35 2.689 29.98 -1.7 -1.5
26.3 0.43 27.09 -1.7 0.278583705168
30.95 2.137 27.07 5.38086602269 -1.5
25.83 3.215 26.15 2.60288609945 2.79325182547
29.0 5.456 29.45 0.40535405457 -1.5
24.47 0.721 24.43 1.09990016 0.768769319441
25.88 1.867 25.86 2.14011981894 2.26007021395
27.77 3.678 27.11 8.48803066962 -1.5
25.94 5.576 26.49 3.90062295629 3.6949054323
29.18 4.548 27.77 9.81983158544 -1.5
30.37 0.87 29.13 14.0252053495 -1.5
23.95 1.141 24.09 1.01251498853 1.1462565371
30.97 0.593 29.58 -1.7 -1.5
23.31 4.347 23.45 3.94726334373 3.74917116459
26.28 4.068 25.85 6.20602864068 5.12156140107
30.36 1.185 27.19 11.9363536111 -1.5
30.03 4.599 -21474800.0 -1.7 -1.5
29.41 2.811 30.4 -1.7 -1.5
28.53 5.332 -21474800.0 -1.7 -1.5
26.25 2.251 25.76 3.48237439572 2.76218340777
25.58 2.99 25.51 2.95496752187 3.15602524416
25.94 2.025 26.05 2.06996039429 1.66630274568
30.31 1.743 -21474800.0 -1.7 -1.5
30.32 2.999 -21474800.0 -1.7 -1.5
30.96 4.123 -21474800.0 -1.7 -1.5
27.34 4.444 26.54 7.40061945693 -1.5
28.6 3.709 -21474800.0 -1.7 -1.5
31.0 3.637 -21474800.0 -1.7 0.110599366159
27.93 1.356 27.17 3.07850771945 1.68132817016
24.88 3.189 25.06 3.46043754742 3.10203936485
30.37 3.352 -21474800.0 -1.7 -1.5
28.01 2.573 27.07 8.39818974225 -1.5
25.51 0.642 25.63 0.406869724021 0.542140386874
24.1 3.798 24.19 3.77712324891 3.54432041089
28.98 4.313 27.44 9.38158874315 -1.5
27.1 3.512 26.62 4.58799844799 2.36526291742
28.18 3.921 28.61 4.31002870111 -1.5
23.34 0.831 23.41 0.923532132714 0.916914812525
23.88 2.674 24.01 2.81292692579 2.73000318668
29.0 2.16 27.04 9.3997284907 -1.5
24.17 1.618 24.25 1.66542418732 1.4719106435
26.87 3.191 27.17 1.96745788832 1.82228240874
23.33 3.47 23.48 3.23735794486 3.19196865994
25.18 2.966 25.41 2.50207941593 2.39691432147
30.87 4.118 -21474800.0 -1.7 -1.5
24.24 3.022 24.38 3.23630798921 3.14227231079
30.48 2.946 -21474800.0 -1.7 -1.5
30.03 1.747 28.43 3.0247087921 -1.5
24.44 2.15 24.55 1.91871487298 1.90613540474
29.64 0.573 -21474800.0 -1.7 -1.5
25.01 0.555 25.15 0.652011681145 0.492797857549
26.38 1.144 26.24 1.98072295957 0.934263778373
30.15 5.527 29.02 2.7565694823 -1.5
29.5 1.682 -21474800.0 -1.7 -1.5
27.58 3.72 -21474800.0 -1.7 -1.5
29.95 4.796 -21474800.0 -1.7 -1.5
25.07 2.97 25.21 2.83841314518 2.7868269784
23.88 2.203 24.0 2.07215738838 2.04192851708
27.9 5.553 27.09 7.71825252567 -1.5
30.7 6.367 -21474800.0 -1.7 -1.5
23.3 5.664 23.56 4.73592049114 3.85024971536
24.4 4.931 24.55 4.55921054779 3.98647206455
27.11 0.629 25.89 6.75936033356 2.51106751601
23.65 0.678 23.77 1.09990016 0.846539114157
24.14 5.381 24.32 4.67636639246 4.11099030426
30.36 2.408 27.67 6.06468717576 -1.5
23.95 1.606 24.14 1.5365868161 1.5451003853
25.15 3.532 25.39 3.1627452137 3.13274780104
29.2 2.255 -21474800.0 -1.7 -1.5
28.42 3.904 27.07 5.6481978219 1.22738981876
27.01 2.384 26.95 2.12370246059 1.55566353909
28.0 1.007 27.59 1.4524097161 0.824543538716
23.82 2.083 23.92 2.09301406834 1.93882278691
24.34 3.372 24.43 3.23105782023 3.12004427956
25.62 0.994 25.79 1.45704325083 1.33882369627
24.43 5.283 24.62 4.61163935014 4.19801315302
24.94 1.09 25.03 1.40360062416 1.32061187131
27.06 4.855 26.64 6.26599401277 -1.5
28.59 0.362 29.02 -1.7 -0.204589123501
29.44 3.377 27.26 10.9359979196 -1.5
29.97 5.02 -21474800.0 -1.7 -1.5
26.98 1.875 26.84 2.70223685036 2.1652458772
26.33 1.14 26.37 1.3451003853 1.21623791648
29.2 2.716 -21474800.0 -1.7 -1.5
30.85 1.157 -21474800.0 -1.7 -1.5
28.81 4.854 27.71 4.98200946725 -1.5
30.94 1.229 26.23 8.41232311685 -1.5
28.44 1.172 29.4 -1.7 -1.5
26.64 2.864 26.78 2.7746579092 2.62996926278
23.95 3.54 24.14 3.268844616 3.15602524416
29.25 2.036 -21474800.0 -1.7 -1.5
29.98 3.52 -21474800.0 -1.7 -1.5
26.14 0.685 25.91 1.58124255307 0.663639371091
23.8 3.725 23.95 3.38933644812 3.3311774412
26.03 4.885 26.07 4.04562236023 2.82642158873
23.93 5.744 24.16 5.11407194537 4.15762349122
30.28 4.298 27.48 7.55947072069 -1.5
30.31 3.424 -21474800.0 -1.7 -1.5
24.78 2.772 24.94 3.00253326602 3.20570203686
24.79 0.579 24.81 1.03233818464 0.780018588128
28.41 0.491 -21474800.0 -1.7 -1.5
29.17 0.816 -21474800.0 -1.7 -1.5
26.54 3.604 27.01 2.87342309081 -1.5
29.6 1.201 -21474800.0 -1.7 -1.5
25.5 2.641 25.61 2.31648679526 1.60126904178
31.0 3.558 27.79 12.3292337298 -1.5
27.61 3.623 28.73 0.687338309841 -1.5
26.37 4.573 26.68 4.13868076917 3.00123872165
25.93 3.673 26.07 4.89798853035 2.86382157463
25.74 4.963 25.92 4.61472253142 3.12004427956
30.67 6.4 28.21 6.37165614167 -1.5
26.94 1.856 26.59 3.16905577447 1.86429113815
30.63 1.977 28.1 6.69850367209 -1.5
28.5 2.15 26.87 3.77920088698 1.62687930686
24.71 3.778 24.75 3.94104649685 3.54222557336
28.65 6.209 29.09 4.09423409795 -1.5
27.76 3.618 27.79 10.3131764984 -1.5
24.68 0.486 24.76 0.711557857813 0.441892024573
26.9 2.831 27.08 2.39760675134 2.0218232662
26.73 0.56 26.96 0.49582631931 0.390887527106
26.05 1.07 26.17 1.20632016879 0.934263778373
26.4 5.6 26.19 5.74400400263 4.32007837965
23.49 1.394 23.61 1.41059128823 1.48376701907
29.52 3.082 26.83 10.2336575576 -1.5
23.2 3.158 23.35 3.41653453598 3.35432958969
28.26 2.495 26.9 5.22555445388 -1.5
30.15 2.703 27.42 11.8539444234 -1.5
23.04 2.814 23.18 2.75763381317 2.7106747867
27.56 1.488 27.31 2.7991131142 1.86655711656
24.23 2.359 24.35 2.2241558758 2.22485514954
25.35 1.072 25.55 0.781842294562 0.983154606221
29.91 2.983 30.7 -1.7 -1.5
26.09 3.91 26.14 3.13012474809 2.84459378489
25.0 2.371 25.14 2.2230669828 2.34230761635
23.64 1.127 23.74 1.25646635186 1.09049444701
26.29 0.97 27.56 -1.7 0.672464321826
25.03 1.69 25.09 1.80952098735 1.60243491836
26.14 2.767 26.77 1.35566353909 0.213817613928
24.49 0.647 24.58 0.837847712211 0.630964449465
26.55 6.398 27.47 4.09630196985 1.38470702921
25.45 0.972 25.6 0.821005123579 0.959457291583
27.5 1.444 27.58 1.46745947735 -1.5
25.29 3.111 25.56 2.91580870428 2.45353222193
27.0 4.671 27.03 4.24297810899 0.492797857549
27.58 3.784 27.22 4.59108236431 -1.5
28.88 2.348 28.09 4.52835687247 0.704525045798
29.59 2.175 29.58 -1.7 -1.5
24.45 0.556 24.6 0.35776017412 0.470016281283
23.12 3.366 23.24 3.10169127967 3.04584271873
27.76 4.334 26.63 5.54213549885 0.700179814009
26.79 1.067 26.42 2.07874658541 2.59436788148
25.64 3.669 26.09 3.35793452214 3.00761465756
23.49 2.127 23.62 1.85085408951 1.92981492833
25.72 2.522 25.94 2.45259521442 2.68380394904
23.06 4.031 23.24 3.81347178854 3.60502954751
23.9 2.431 24.03 2.35005435787 2.1851420048
27.18 1.841 27.79 0.780529495131 2.01735110502
28.92 2.868 -21474800.0 -1.7 -1.5
24.57 4.585 24.79 4.27186811832 3.76272877227
26.55 4.638 26.42 5.07927820631 3.05433152449
25.09 2.936 25.21 2.98879866433 2.69240592437
24.81 2.9 24.91 2.97928696706 2.83497475042
25.12 5.578 25.37 5.03321302464 3.82421641294
24.33 2.82 24.52 2.89674194042 2.74395308011
28.68 2.683 28.49 0.723598463737 -1.5
27.84 2.188 29.24 -1.7 -1.5
31.0 3.074 -21474800.0 -1.7 -1.5
24.54 0.368 24.68 0.470995980332 0.463445683967
23.82 5.055 23.95 4.5520122416 3.91580067326
30.4 4.074 30.9 0.802781616188 -1.5
29.57 0.402 -21474800.0 -1.7 -1.5
30.62 2.822 -21474800.0 -1.7 -1.5
27.12 0.954 26.84 1.81958738407 1.42188334348
26.73 2.664 26.46 3.2058478703 2.03076284664
27.34 2.352 27.16 3.88403180464 2.0642309931
29.42 1.3 29.7 -1.7 -1.5
26.89 4.027 26.69 6.20602864068 2.62781322747
30.35 4.549 26.64 9.14874979812 0.532701595793
28.84 1.669 -21474800.0 -1.7 -1.5
27.0 3.483 26.81 4.37187416898 5.00775195392
25.72 2.475 25.98 1.73769718914 1.79037717111
25.86 1.29 26.14 1.17146135038 1.20878921636
26.98 0.446 26.61 1.80504442794 0.651816211882
26.97 1.402 26.91 2.49348095124 1.54157600543
24.64 4.991 24.74 4.42234873724 4.01970082925
29.27 0.523 29.39 -0.134321128242 -1.5
30.77 4.329 27.33 10.947062144 -1.5
23.96 1.223 24.18 0.957575212759 1.12985630838
28.28 4.13 -21474800.0 -1.7 -1.5
24.56 1.418 24.66 1.51590446228 1.38470702921
28.94 2.806 -21474800.0 -1.7 -1.5
23.28 4.415 23.47 4.14178072469 3.46674622152
30.13 3.495 29.06 0.300855926672 -1.5
29.89 3.819 -21474800.0 -1.7 -1.5
26.02 1.007 25.94 1.67901147243 0.948872522327
26.67 2.025 26.52 2.4665905302 0.157322284693
23.81 3.174 23.9 3.04265047606 2.94911808814
24.16 0.975 24.25 1.18470702921 1.0455961911
23.89 0.885 24.01 0.822303381706 0.854744103495
27.13 5.248 26.69 8.80386240357 -1.5
30.08 2.215 -21474800.0 -1.7 -1.5
29.19 3.416 29.57 1.33569830426 -1.5
25.34 0.801 25.53 0.766056133289 0.817634465986
24.87 1.203 24.87 1.67221996998 1.37266670445
25.88 2.793 25.92 3.72723848307 2.89370469929
29.77 1.319 27.8 13.3747288637 -1.5
29.44 5.189 27.75 13.1377692055 -1.5
28.63 2.97 27.74 2.82992005376 -1.5
24.63 2.977 24.84 2.98245781863 2.95976235975
24.19 5.265 24.35 4.77902505798 4.36244389026
28.4 2.343 27.11 6.27717217689 -1.5
25.3 1.236 25.51 1.06561394024 1.13112004033
27.31 2.184 28.14 0.802781616188 1.0481755669
25.67 1.251 25.68 1.84639207232 1.78124255307
23.42 0.516 23.54 0.595407498031 0.421711769456
25.88 3.547 26.29 2.47412296327 3.12216186634
24.54 2.446 24.54 2.755505113 2.29849827335
26.72 3.135 26.78 3.07850771945 1.57323601791
23.9 1.528 24.05 1.29914996585 1.42785906797
25.16 3.523 25.33 3.24365713342 3.26269259786
28.56 5.924 -21474800.0 -1.7 -1.5
24.09 5.023 24.32 4.29662291813 4.14415499159
29.63 4.141 28.67 10.6100500258 -1.5
28.2 3.705 28.06 10.6341981448 -1.5
24.92 3.363 25.02 3.44685273261 3.33012474809
27.49 2.936 26.78 7.21941870253 -1.5
26.72 0.506 28.1 -1.7 0.399519641783
24.03 0.509 24.18 0.368613861951 0.532701595793
28.93 4.175 28.09 13.1136697726 0.00426241774877
26.62 1.482 27.69 -0.0108500990685 1.23728166569
26.09 2.411 26.61 1.22427430112 1.76180295029
30.5 3.315 27.89 10.2366774016 -1.5
27.53 1.73 26.78 7.58678198011 1.63733305452
25.16 5.323 25.4 4.44088324959 3.87106767117
28.8 2.075 26.88 6.44680911918 -1.5
25.19 3.957 25.19 3.99283630505 3.97712324891
29.32 1.898 28.11 2.13902581636 -1.5
23.25 1.173 23.35 1.22785906797 1.23233818464
28.96 6.379 -21474800.0 -1.7 -1.5
29.04 2.012 -21474800.0 -1.7 -1.5
26.03 3.577 26.14 2.88402463523 2.90436948435
27.18 0.847 27.42 0.707534221948 -1.5
29.64 1.844 29.82 -0.0825531715574 -1.5
28.88 5.162 28.75 13.7230827352 -1.5
25.31 3.079 25.48 3.26569698615 1.98263722399
29.11 1.209 28.14 8.89766802853 0.850644507616
23.53 1.412 23.64 1.28258230244 1.33275955487
30.44 4.667 -21474800.0 -1.7 -1.5
26.59 2.199 26.95 1.8106398758 1.90161936742
27.28 3.277 29.28 -1.7 0.727563678981
24.94 1.677 25.09 1.52625146512 1.52628418193
27.32 2.212 26.95 10.6794741788 -1.5
30.14 4.408 -21474800.0 -1.7 -1.5
23.68 3.507 23.81 3.30555022262 3.27850771945
27.24 0.62 29.48 -1.7 0.60535405457
27.92 0.881 27.85 1.68919078057 0.47329111059
23.76 4.082 23.91 3.75530375911 3.49611456116
27.63 2.152 27.76 1.9851420048 1.4920543632
24.87 5.509 25.25 4.35126395924 4.20629531436
25.04 1.739 25.18 2.15870732779 2.02852854165
29.4 3.069 -21474800.0 -1.7 -1.5
23.1 6.184 23.37 5.09155942609 3.17717290673
23.93 3.871 24.12 3.86432432962 3.37010743855
30.37 2.353 31.11 -1.7 -1.5
27.86 0.598 27.44 1.72756186038 0.121977962595
26.6 1.253 26.69 1.26597471651 1.00669425762
23.23 2.204 23.35 1.94975236314 2.08315845158
26.5 4.816 26.9 4.55921054779 3.31538406795
26.92 5.387 26.83 5.68693444353 -1.5
25.02 4.424 25.25 4.39969024412 3.88043326464
26.73 2.22 27.08 1.840812387 1.35214243134
27.3 0.704 27.05 2.10288433332 -1.5
24.78 5.084 24.94 4.89388841379 4.28285977068
27.11 4.284 27.8 1.74107365435 0.700179814009
27.94 0.787 27.84 0.951290581925 -1.5
29.39 0.741 27.85 4.41616971825 -1.5
25.72 4.172 25.99 4.11284287983 4.32524616843
26.67 1.375 27.03 1.12547407156 1.22615195911
23.42 5.197 23.62 4.49749320211 3.62908229343
29.97 5.075 27.44 11.3654047833 -1.5
28.42 2.036 -21474800.0 -1.7 -1.5
23.35 3.41 23.48 3.18693035517 3.06706049654
24.07 2.989 24.28 3.01098269815 3.08614452943
24.73 4.966 24.9 4.64554913792 4.36244389026
25.04 3.068 25.49 2.42673513204 3.18668517587
23.92 0.794 24.05 1.05208321319 0.91825265237
29.63 3.052 29.62 2.69263799807 -1.5
29.81 4.792 28.66 11.8268085156 -1.5
25.44 3.287 25.39 3.5898336315 3.15390976708
28.81 4.041 29.42 -1.7 -1.5
30.58 0.766 -21474800.0 -1.7 -1.5
28.95 3.185 27.74 7.69600688339 -1.5
29.14 2.179 29.68 -1.7 -1.5
24.19 1.404 24.26 1.82964574317 1.80178356627
26.26 0.617 26.51 0.687338309841 0.551528690029
26.97 4.358 27.44 2.69263799807 1.36180976095
23.92 5.941 24.2 4.91746211255 3.45940103879
30.51 0.414 33.54 -1.7 -1.5
26.86 3.03 26.24 5.56049739126 2.25127381152
26.83 4.619 27.08 3.26779543146 3.69908175509
27.93 2.299 27.78 8.41434213676 -1.5
25.95 2.379 26.02 2.68410292189 2.95018268878
23.22 2.137 23.32 2.04577358607 2.08204581407
28.24 2.596 26.91 4.80467443051 -1.5
26.76 1.534 27.19 1.2194914915 1.11085585511
27.75 0.969 27.53 1.56294754379 2.04192851708
27.68 3.067 27.95 11.224634694 -1.5
23.08 2.296 23.18 2.08972267187 2.13756717184
24.43 1.762 24.47 1.81958738407 1.74002937167
26.05 1.678 25.77 2.71716191977 2.084270997
26.16 1.547 26.46 1.13882369627 1.15380548613
30.56 1.395 -21474800.0 -1.7 -1.5
27.46 5.407 27.58 8.14169625049 -1.5
28.56 3.034 27.35 7.06243052052 -1.5
24.6 5.196 24.84 4.10664046772 3.67715221005
23.86 2.842 24.03 3.28143285589 3.29010126328
30.85 0.727 28.31 4.79749320927 -1.5
30.31 2.466 29.04 1.17868985891 -1.5
24.69 3.428 24.91 3.4259456596 3.42580699805
25.65 1.206 25.61 1.73544566475 1.48258230244
25.74 1.596 25.72 1.71403408964 1.28033496454
26.68 0.337 26.58 0.939955970736 -0.0233024166688
30.81 1.881 28.07 10.8615626792 -1.5
25.55 4.418 25.84 3.81762455124 4.08403180464
26.01 2.42 26.02 2.68516994935 2.08983234707
30.96 3.185 -21474800.0 -1.7 -1.5
27.85 3.369 -21474800.0 -1.7 1.68594615349
30.03 4.179 -21474800.0 -1.7 -1.5
23.23 5.328 23.42 4.78620748659 3.22787561299
23.49 0.969 23.57 1.16180976095 0.915576414735
24.84 2.401 24.95 2.19146115069 2.3039806679
26.32 1.286 26.4 1.62228240874 1.67439660273
25.0 4.472 25.3 3.28877432126 3.23948493592
23.42 1.083 23.54 1.1557695401 1.11466268488
30.27 1.095 27.1 7.57970147928 -1.5
25.79 2.5 26.12 1.98735103512 2.13978343543
26.54 1.392 26.66 1.62000680731 1.00799754176
27.29 3.096 27.64 3.51160866961 1.1462565371
25.18 5.25 25.31 5.12737295751 4.32317909536
30.29 1.859 -21474800.0 -1.7 -1.5
28.09 3.83 26.85 8.61216626709 -1.5
30.08 3.28 -21474800.0 -1.7 -1.5
26.77 6.01 26.38 5.56253747182 3.82421641294
30.09 1.324 27.62 9.25358832713 -1.5
27.16 5.102 26.19 9.09834029752 -1.5
26.37 1.433 26.35 1.83746341569 1.6199027303
28.12 4.165 30.09 -1.7 -1.5
23.36 4.903 23.54 4.36981336796 3.71787097787
29.64 5.916 30.04 -0.383404696886 -1.5
26.85 1.292 28.17 -1.7 1.0866655558
25.6 4.626 25.85 3.97730345241 3.83254839395
28.57 3.553 31.67 -1.7 -1.5
28.96 4.475 30.48 -1.7 -1.5
29.25 0.36 -21474800.0 -1.7 -1.5
23.32 1.096 23.41 1.37557596487 1.32668896804
26.18 3.378 26.08 3.83942205418 3.8398378525
24.5 2.404 24.6 2.55253371788 2.17851294303
26.37 1.371 26.25 1.93091630159 1.45408714902
28.2 4.433 27.68 3.39247548385 2.15085959378
30.23 4.965 27.56 12.9178488604 -1.5
26.29 3.911 26.66 3.3390831368 2.65367207965
26.17 1.369 25.99 2.16526291742 1.07771752413
24.1 3.326 24.22 3.47715221005 3.19513837169
28.94 2.897 27.83 12.8706474638 -1.5
25.54 1.137 25.37 1.7792725921 1.23357451122
24.63 2.116 24.77 1.91427534624 1.90726412883
26.1 1.921 25.83 2.85963587828 2.03299675996
28.68 2.894 -21474800.0 -1.7 -1.5
23.81 1.812 23.91 1.66768992606 1.68940804464
30.87 4.641 -21474800.0 -1.7 -1.5
23.27 1.784 23.39 2.27200531392 2.2798445255
30.79 4.438 -21474800.0 -1.7 -1.5
24.37 4.778 24.55 4.07355219789 3.97192884402
24.87 2.7 24.96 2.45797903507 2.38382395197
24.91 1.913 25.01 2.02044768116 2.04416048746
23.54 3.542 23.66 3.59817084188 3.17188719679
30.63 3.016 28.55 12.3724336138 -1.5
24.19 1.47 24.32 1.72756186038 1.64313499014
24.01 4.057 24.31 3.48133000204 3.04796513314
24.86 1.05 25.02 0.76473737781 0.881930383903
23.96 3.357 24.09 3.33594048345 3.1147497266
27.75 0.718 29.1 -1.7 0.0583149522929
28.16 5.199 27.71 5.84586797804 -1.5
24.21 2.241 24.4 2.5171192993 2.63428071269
27.15 3.154 28.35 0.550382575836 1.61408433747
27.14 4.165 26.3 8.12452421301 -1.5
25.1 0.569 25.16 0.96886565845 0.813480713963
29.95 1.138 27.82 2.05237362761 0.47819046507
24.2 1.125 24.31 0.962596639583 0.950197429991
24.25 3.535 24.33 3.73867407972 3.4384078745
30.54 6.468 -21474800.0 -1.7 -1.5
24.47 0.381 24.64 0.433956165799 0.529543872768
26.45 0.743 28.65 -1.7 0.496025896227
23.14 4.086 23.34 3.90373333133 3.60607556993
27.02 0.741 27.14 1.01995801866 1.06104695187
29.6 1.803 29.5 -1.7 -1.5
28.69 2.193 -21474800.0 -1.7 -1.5
25.01 2.594 25.16 2.67983440215 2.54789035005
27.8 1.284 26.93 3.92964745806 1.78466903204
24.04 0.317 24.11 0.409897556513 0.389154421883
29.34 4.235 27.4 9.33623717266 -1.5
30.04 1.823 -21474800.0 -1.7 -1.5
24.64 0.6 24.6 0.948774267738 0.676863452553
27.07 1.267 26.66 7.25789423063 2.29740157753
26.51 2.431 26.36 3.48655175365 3.26901944622
27.47 2.042 -21474800.0 -1.7 -1.5
28.66 4.376 30.23 2.2208890061 -1.5
23.13 4.514 23.33 4.15314615337 4.04461082888
24.72 4.152 24.76 3.84461082888 3.75125717711
28.75 5.869 -21474800.0 -1.7 -1.5
24.31 3.67 24.54 3.07323675191 3.1253379961
27.04 3.8 26.29 10.5245203277 1.05332919433
27.83 0.585 27.3 1.89205624668 1.26561394024
26.51 1.791 26.4 2.74698877079 -1.5
24.06 2.674 24.16 2.67022782404 2.46114092639
29.03 4.215 -21474800.0 -1.7 -1.5
27.52 4.748 32.1 -1.7 -1.5
30.3 6.554 28.62 0.494373302596 0.46509097289
29.96 3.301 29.13 1.04468781905 -1.5
28.36 0.669 -21474800.0 -1.7 1.38230087551
24.39 2.356 24.49 2.22959939001 2.19176811519
24.24 4.433 24.43 4.02182174441 3.82525797912
30.41 2.58 28.14 5.11816470942 -1.5
25.87 1.012 26.34 0.26179862027 0.556204329642
25.4 1.686 25.54 1.60064351562 1.38470702921
26.26 6.598 26.52 7.22954428615 3.40164472831
28.03 2.588 -21474800.0 -1.7 1.05461653984
24.7 2.988 24.68 3.34013063971 3.05220953576
27.08 1.846 28.07 0.564538091935 -1.5
23.68 2.94 23.8 2.69050447367 2.67089507647
26.26 1.357 26.15 1.57095587495 1.33275955487
26.31 3.326 26.47 3.67002695483 2.35433557697
27.42 5.341 27.37 12.3774567706 -1.5
23.57 5.113 23.73 5.00556575512 3.87002695483
23.97 6.455 24.3 5.01273416027 4.45639259804
29.42 1.822 27.72 4.03734478225 -1.5
30.98 5.86 28.57 7.69297328638 -1.5
26.66 1.808 26.83 1.40126904178 1.52863885055
27.2 0.994 27.42 1.86534512024 0.676863452553
25.48 3.261 25.53 3.65233185614 3.50659850571
30.72 2.185 27.76 6.96819878367 -1.5
29.31 1.527 27.04 5.52173091559 -1.5
25.57 3.707 25.72 3.96798206787 3.38693035517
24.76 4.09 25.0 3.81866269885 2.7106747867
29.22 1.203 -21474800.0 -1.7 -1.5
29.19 4.001 28.74 6.57471790422 -1.5
26.95 4.912 26.79 3.64712635956 3.64685273261
30.93 5.631 -21474800.0 -1.7 -1.5
26.38 1.409 26.54 1.52510237651 -1.5
23.53 3.141 23.67 2.93803952507 2.93420960134
30.35 4.786 27.33 8.89262511443 -1.5
25.76 3.939 26.12 3.71580067326 0.587072944173
28.09 0.661 -21474800.0 -1.7 0.860201303467
28.74 3.328 -21474800.0 -1.7 -1.5
29.38 0.806 28.24 8.08815769009 -1.5
27.5 2.003 27.73 1.66429113815 0.942240127702
26.99 0.963 26.88 1.55722320251 0.832811909443
28.03 2.938 29.54 -1.7 -0.331855461124
29.35 4.29 30.93 -1.7 -1.5
25.01 3.808 25.21 3.85083680063 3.27639942087
29.71 4.051 27.82 10.1551377507 -1.5
30.31 3.49 27.68 7.76981703379 -1.5
30.62 6.109 -21474800.0 -1.7 -1.5
24.76 0.899 24.92 0.831378655315 0.906191873805
23.03 4.712 23.19 4.193428306 3.58410425748
23.77 0.895 23.87 1.27784139555 1.10450353255
24.9 3.535 25.04 3.96280297525 4.19490709024
24.37 2.033 24.59 1.73657148181 1.93657148181
28.79 1.167 30.34 5.13248836998 -1.5
29.47 1.742 -21474800.0 -1.7 -1.5
29.61 1.973 30.62 -1.7 -1.5
28.91 4.933 27.53 4.46970720505 -1.5
29.0 1.758 -21474800.0 -1.7 -1.5
25.95 2.02 25.88 2.32298802279 1.51214005128
23.37 1.512 23.47 1.45935906832 1.45289722872
25.57 2.881 25.79 2.55146130009 2.48937578534
30.53 4.352 -21474800.0 -1.7 -1.5
26.93 3.74 27.29 2.38464837315 3.9241193006
30.82 0.831 -21474800.0 -1.7 -1.5
27.8 5.744 28.84 3.26569698615 -1.5
28.6 0.872 27.56 8.69894252488 -1.5
25.43 2.207 25.41 2.65420938314 2.19066396749
28.83 3.953 28.02 12.5140798993 -1.5
29.81 0.742 -21474800.0 -1.7 -1.5
27.91 4.348 -21474800.0 -1.7 -1.5
24.56 4.695 24.83 3.79893493907 3.62490006981
24.07 0.611 24.14 0.715576414735 0.707417320546
24.04 1.914 24.15 1.78600092236 1.81203818869
24.35 3.726 24.47 3.48550744665 3.261638019
30.08 0.425 27.8 6.04535955943 1.86768992606
26.33 0.493 25.93 2.2502704259 0.831435535786
30.36 1.46 -21474800.0 -1.7 -1.5
27.44 1.577 26.8 4.74618504882 1.78581092524
24.53 3.421 24.49 3.8435731078 3.18245781863
25.92 1.202 26.02 1.07910977344 0.9844664314
30.25 5.28 -21474800.0 -1.7 -1.5
29.63 0.536 27.53 9.97491604585 -1.5
26.95 3.901 26.82 9.66572214493 -1.5
24.9 2.809 24.99 2.64031908445 2.65474889428
30.55 3.85 26.75 11.2517846193 -1.5
26.53 1.494 26.18 2.56968616016 2.48720531366
27.28 4.324 27.36 3.40816754599 -1.5
30.0 3.11 -21474800.0 -1.7 -1.5
26.83 0.645 26.67 1.04345421103 0.67979133153
27.74 5.639 27.29 3.29506603024 1.14751557988
24.67 2.361 24.77 2.60502656358 2.57816627003
27.72 3.827 30.22 -1.7 -1.5
28.39 1.343 28.45 0.482715344432 -1.5
29.31 3.562 -21474800.0 -1.7 -1.5
29.38 1.26 -21474800.0 -1.7 -1.5
28.32 0.717 28.33 0.470995980332 1.26684226403
24.76 0.958 24.88 0.948774267738 0.907534221948
30.64 1.789 28.21 13.1146739225 -1.5
28.99 3.371 -21474800.0 -1.7 -1.5
25.0 3.582 25.12 3.26254912726 3.12639663936
29.4 0.773 26.84 8.97532328069 -1.5
29.44 0.294 26.51 9.4178677391 0.26903028936
24.04 0.875 24.12 0.919733183569 0.887338309841
23.08 1.265 23.21 1.17025575416 1.17512614031
23.81 2.716 23.89 2.64566235385 2.61702993023
25.9 2.681 26.35 1.85531457671 2.35433557697
30.33 3.904 -21474800.0 -1.7 -1.5
25.52 5.498 25.69 5.71954792691 4.32317909536
25.77 0.779 25.83 1.00506058131 0.915576414735
23.47 2.233 23.59 2.36303372263 2.33027129194
25.05 1.095 25.38 0.694084856081 0.935594506103
24.28 4.916 24.59 3.99076545843 3.74708506931
30.63 2.638 -21474800.0 -1.7 -1.5
23.7 0.736 23.78 0.909586153629 0.736145859498
24.72 5.44 24.99 4.77492060088 3.96673399543
23.88 2.615 23.99 2.83522850548 2.72892978957
29.15 1.09 28.17 8.31842933032 -1.5
26.94 5.195 26.98 4.56332362542 3.06918150084
23.54 1.633 23.64 1.63024303152 1.6245544441
24.47 3.862 24.67 3.59296023578 3.54013063971
25.53 3.623 25.55 3.89854929146 3.39428820017
28.11 1.167 27.8 3.68251429957 0.553088593592
30.88 2.607 26.55 8.13664572029 -1.5
26.39 1.354 27.87 -1.7 0.438548126605
24.0 3.013 24.14 3.02787561299 3.05751424255
24.67 2.034 24.76 2.60074545913 2.60624139209
25.2 5.462 25.15 5.4605012447 5.10106352276
25.02 2.991 25.1 3.74906817052 3.58305774952
24.48 5.961 24.73 4.64349432356 4.43885012791
28.88 0.962 27.55 5.36452533888 2.46548741119
28.17 0.454 28.25 0.46658501017 0.676863452553
30.87 0.867 -21474800.0 -1.7 -1.5
28.32 0.818 28.43 0.453297700489 0.705971635634
26.56 6.474 26.87 3.97937470032 2.28752804218
26.36 3.299 27.01 1.52625146512 1.71820481154
29.09 3.612 27.28 7.46538275808 -1.5
23.25 2.663 23.4 2.34680826209 2.43395306472
30.14 2.367 28.39 9.90241296055 -1.5
27.87 1.349 -21474800.0 -1.7 0.734717613851
30.35 5.983 -21474800.0 -1.7 -1.5
25.36 3.977 25.4 4.45014908386 3.92931784657
25.1 2.186 25.12 2.38572853407 2.23917078437
23.43 2.783 23.55 2.67663258083 2.60408305075
23.09 1.472 23.19 1.88204581407 1.85862408746
30.13 1.954 28.04 7.58880495524 -1.5
27.15 0.602 28.03 -1.7 -1.5
26.47 0.322 27.09 -0.400239118707 0.743274541666
29.05 2.042 27.62 5.51050727284 -1.5
29.27 3.208 30.7 3.51160866961 -1.5
28.47 3.68 27.96 1.38726509719 1.18512539176
28.99 3.489 27.66 5.29199137065 -1.5
26.07 3.708 26.41 3.29296889369 2.99379844667
25.14 3.842 25.35 4.00629531436 3.80338094827
23.58 1.417 23.72 1.76355852091 1.74347065636
27.98 2.521 27.09 6.21619343179 0.0408073464311
29.15 1.886 27.69 3.99180088942 -1.5
25.37 4.767 25.62 4.7215484491 4.31284287983
28.64 4.159 27.39 4.71538840583 -1.5
28.58 0.827 27.57 5.00658983859 -1.5
29.15 2.463 27.69 9.33119791381 -1.5
29.36 1.317 -21474800.0 -1.7 -1.5
30.5 3.481 28.37 12.7340567434 -1.5
30.19 3.876 27.37 9.11951279779 -1.5
24.43 4.77 24.72 4.01147117002 3.92827817396
26.78 5.55 26.33 8.9904497102 -1.5
30.93 4.326 -21474800.0 -1.7 -1.5
28.88 2.416 27.65 13.1096531668 -1.5
23.15 2.643 23.27 2.52248841518 2.46983292223
26.36 0.325 26.86 -0.209351871548 0.8079325617
24.3 2.286 24.52 1.93424212744 2.05531457671
24.98 6.371 25.19 5.17442725599 4.23527523867
29.09 3.947 28.87 13.6558264334 -1.5
29.29 2.631 29.45 12.0901030327 -1.5
23.1 2.206 23.22 2.60823693014 2.56195241406
23.3 4.187 23.44 3.88195761503 3.55688742584
29.85 4.177 28.45 5.55131670818 -1.5
24.26 2.806 24.43 2.8118645455 2.7063774865
23.24 4.296 23.41 4.04251838014 3.67401863747
30.37 2.628 -21474800.0 -1.7 -1.5
26.31 3.643 26.36 3.23525800755 3.1412141637
27.32 1.088 27.94 0.18219928925 0.17866971787
24.4 2.872 24.58 2.74379450403 2.78040052219
28.75 0.526 -21474800.0 -1.7 -1.5
28.57 1.5 29.29 -1.7 0.57015914048
23.38 1.354 23.43 1.56180295029 1.39912416286
26.68 2.088 27.63 0.854616539843 1.68594615349
25.62 1.251 25.74 1.54461746985 1.50151357376
24.76 1.009 24.89 1.00381706352 0.898125740395
25.79 1.529 25.82 1.56409200033 1.3557695401
26.31 3.854 26.69 2.6510045637 3.37115907526
24.14 3.725 24.23 3.56272877227 3.48143285589
28.76 4.462 27.28 9.34933906215 -1.5
24.7 2.699 24.77 3.37049783024 3.06918150084
24.68 4.258 24.8 4.20891592777 3.84608520233
26.31 2.613 26.69 2.5868269784 2.7460985176
30.43 0.552 28.11 10.4822556126 -1.5
23.31 3.01 23.48 3.06480166622 3.03522850548
23.56 2.649 23.72 2.91686764839 2.91289841424
24.26 2.154 24.42 2.44182376749 2.59004863812
30.27 2.1 28.69 0.220017166119 -1.5
27.55 4.193 26.48 10.9148749707 -1.5
26.05 6.515 26.18 5.9405506237 2.10317029523
26.63 5.352 26.21 6.23652157684 4.47805751131
26.81 4.587 26.64 5.23373302281 2.10539202155
24.71 2.139 24.82 2.21762156318 2.1298075188
23.14 3.062 23.28 3.30869499787 3.13380621194
26.91 0.668 27.44 -0.112691234568 0.515261338747
24.85 4.551 24.96 4.7030672387 3.92931784657
28.61 1.633 28.33 1.000084582 0.663639371091
28.0 5.506 26.91 6.70458996744 -1.5
30.34 4.158 26.69 10.4943314488 -1.5
23.55 4.021 23.73 4.03631001793 3.55165158743
29.38 1.839 30.25 -1.7 -1.5
28.53 3.778 -21474800.0 -1.7 -1.5
23.32 1.163 23.44 0.981378180527 1.07131396798
29.06 6.013 -21474800.0 -1.7 -1.5
26.66 4.195 27.17 2.31106751601 2.99379844667
27.31 3.227 27.32 3.89025397837 3.35538163947
30.17 2.099 27.7 9.22939638578 -1.5
24.63 1.54 24.67 1.76131196437 1.66167425528
24.52 5.754 24.8 5.1601081548 4.4130454492
24.28 1.414 24.36 1.37206577742 1.29867940055
30.92 1.627 27.57 5.34409692063 -1.5
23.6 3.682 23.74 4.01768169613 3.72726301358
30.75 0.414 28.0 2.55146130009 -1.5
25.07 2.978 25.2 2.82248670487 2.85527757212
27.33 4.292 27.33 10.0756035834 -1.5
29.49 4.308 -21474800.0 -1.7 -1.5
25.32 1.567 25.38 1.92426229367 1.63733305452
26.77 3.31 27.05 2.58147171037 2.43721766064
28.33 3.655 28.42 1.07665854512 0.46179862027
25.45 2.342 25.9 1.93424212744 2.04862327266
23.15 0.941 23.26 1.03357451122 1.07259549343
29.07 1.629 -21474800.0 -1.7 -1.5
25.34 1.599 25.38 1.79832655711 1.31574546288
29.33 3.616 -21474800.0 -1.7 -1.5
30.41 6.141 27.1 9.81378868848 -1.5
28.85 3.255 26.64 9.56497908356 -1.5
24.65 0.253 24.77 0.617634465986 0.323320463704
25.37 1.327 25.81 0.584224507613 0.860201303467
23.79 4.772 23.91 4.5118975034 3.7794103082
30.89 2.012 29.22 2.54502582208 -1.5
30.83 2.264 -21474800.0 -1.7 -1.5
25.77 2.438 26.12 2.01714125248 2.0642309931
24.26 1.675 24.43 2.10836528713 2.02964574317
25.69 5.164 25.86 5.44927317542 3.51288768669
24.37 4.981 24.58 4.16450990193 4.06847376987
29.97 3.88 -21474800.0 -1.7 -1.5
28.14 1.956 27.55 8.87144438347 -1.5
26.44 2.897 26.1 3.87780903773 2.55654504072
23.26 5.501 23.46 4.79749320927 3.60502954751
28.77 3.16 28.29 9.96081875777 -1.5
30.23 1.659 26.62 9.36344849373 -1.5
27.06 1.564 27.28 1.5365868161 2.04304455052
27.49 5.289 27.2 5.53601439911 -1.5
26.96 4.076 26.53 4.74105289314 3.49192028803
25.19 1.469 25.28 1.4175758749 1.20506058131
28.31 4.429 30.58 -0.00462054534676 -1.5
25.28 2.868 25.41 2.73740492028 2.63104720277
28.65 1.746 27.5 2.00170179442 -1.5
27.38 3.326 -21474800.0 -1.7 -1.5
27.93 4.079 27.62 3.39247548385 -1.5
27.45 1.487 -21474800.0 -1.7 1.71590446228
27.19 3.15 28.37 3.6585778169 -1.5
29.35 1.492 -21474800.0 -1.7 -1.5
24.8 2.33 24.92 2.31106751601 2.29301406834
29.51 0.888 -21474800.0 -1.7 -1.5
25.07 3.393 25.27 3.0035895542 2.87983440215
29.21 1.447 27.06 4.78210329946 -1.5
30.42 3.4 -21474800.0 -1.7 -1.5
24.56 1.899 24.65 2.05457303152 1.90726412883
24.21 3.791 24.35 3.68771655716 3.39428820017
26.15 5.244 26.12 5.8977966463 5.13795712878
29.05 3.993 28.87 8.04572624691 -1.5
27.44 0.562 28.01 -0.0150273100672 0.362879241814
29.43 2.517 28.06 6.63255968854 -1.5
28.68 3.636 26.59 9.14774164903 -1.5
30.57 1.102 26.68 11.4468422063 -1.5
29.9 0.797 27.29 9.51258691938 -1.5
24.44 2.85 24.58 3.01731846711 2.90756813372
24.56 1.982 24.64 1.87982026233 1.89371188449
29.45 4.792 -21474800.0 -1.7 -1.5
24.58 2.545 24.75 2.24156957864 2.32589235215
25.71 5.136 25.96 4.03320563529 3.54222557336
28.83 1.812 27.58 3.48237439572 -1.5
24.7 2.986 24.7 3.88506887472 3.30169127967
30.57 4.456 27.73 8.80184490433 -1.5
25.92 2.191 26.12 1.95860782854 2.13091630159
24.68 5.483 24.95 4.93078427805 4.58835883031
29.59 5.245 27.85 4.5674365289 -1.5
29.93 3.313 27.48 11.9072095083 -1.5
28.13 3.66 27.89 3.13854550396 -1.5
30.42 4.117 -21474800.0 -1.7 -1.5
29.72 2.583 27.49 10.012171936 -1.5
29.4 4.111 -21474800.0 -1.7 -1.5
30.24 1.781 -21474800.0 -1.7 -1.5
24.38 1.509 24.4 1.48479188619 1.46953689632
28.36 5.685 28.05 7.05635195088 -1.5
26.46 5.568 28.39 -0.195737582251 1.44337016185
29.5 2.119 28.65 1.31096011546 -1.5
27.15 1.697 28.15 0.393185979582 0.197446475333
30.21 2.559 27.19 11.0506576661 -1.5
23.9 5.692 24.15 4.6363021453 4.03838424838
30.01 2.106 29.29 -1.7 -1.5
25.06 0.523 25.07 0.934909045162 0.68563551986
24.29 2.158 24.34 2.30347808148 2.26007021395
30.34 0.744 -21474800.0 -1.7 -1.5
24.65 5.07 24.9 4.22749709142 4.18144588626
27.97 2.763 27.44 5.96701256831 -1.5
28.8 1.316 33.22 -1.7 -1.5
25.62 3.762 25.73 4.09630196985 3.77211277777
30.03 1.613 27.12 10.5064071221 -1.5
23.62 0.77 23.74 0.8468860934 0.703077547772
23.51 4.997 23.63 4.68766374099 3.27112815825
28.97 2.852 28.21 4.09423409795 -1.5
25.58 1.112 25.62 0.991364119861 0.9329325127
24.9 0.79 25.01 0.81320606196 0.824543538716
25.39 1.249 25.51 1.25289722872 1.13743323099
30.74 1.312 29.43 0.260149772668 -1.5
30.09 2.861 27.43 5.92222867213 -1.5
30.96 1.304 -21474800.0 -1.7 -1.5
27.93 3.683 29.43 0.00975177770389 -1.5
23.63 0.626 23.71 0.746221140059 0.618953343958
27.22 2.492 27.9 5.21839780565 0.385681424641
30.95 4.264 30.5 -1.7 -1.5
25.55 1.415 25.84 1.12304349535 1.21127338142
28.37 2.333 -21474800.0 -1.7 -1.5
27.07 3.663 28.69 3.40398350215 -1.5
25.26 2.332 25.3 2.8808445353 2.39691432147
23.39 4.373 23.52 4.18826508957 3.77836786473
23.13 3.781 23.27 3.48759603901 3.35222540695
26.88 1.192 26.49 1.92426229367 1.58609697424
26.77 0.953 26.54 2.35438170273 0.483074557678
30.15 2.599 -21474800.0 -1.7 -1.5
30.27 3.056 -21474800.0 -1.7 -1.5
27.55 3.264 -21474800.0 -1.7 1.26684226403
30.59 4.387 -21474800.0 -1.7 -1.5
29.29 1.401 27.12 7.40061945693 -1.5
25.78 2.92 26.22 2.62428286792 3.02992005376
26.3 3.74 26.45 4.06631215784 3.24476068474
23.32 3.739 23.49 3.96383882504 3.73143670471
29.04 3.775 28.1 6.83135629126 -1.5
30.32 6.725 28.58 4.32033938952 -1.5
30.88 3.037 -21474800.0 -1.7 -1.5
26.83 4.225 27.1 4.13558068757 -1.5
24.43 3.151 24.54 3.39247548385 3.215206668
29.21 0.98 27.57 8.95918798792 -1.5
26.51 5.869 26.28 6.97123898637 3.70221377204
27.74 3.76 27.44 7.414787464 -1.5
24.7 2.946 24.87 2.65527757212 2.48069246752
28.32 5.206 27.23 11.33624674 -1.5
24.39 3.727 24.53 3.44267203456 3.25320031253
30.6 4.633 30.45 -1.7 -1.5
25.28 2.119 25.57 1.7725405125 1.63501114422
30.08 0.605 -21474800.0 -1.7 -1.5
26.56 2.258 26.68 2.07764857136 2.4154429485
28.2 5.828 -21474800.0 -1.7 -1.5
23.43 0.282 23.49 0.546120213284 0.328791642063
24.26 5.966 24.61 4.82416397168 3.04159746244
29.83 5.744 -21474800.0 -1.7 -1.5
23.61 0.453 23.74 0.639683763414 0.487943614764
24.95 2.672 24.94 2.82036256456 2.97146663328
24.45 5.942 24.66 5.15192511794 4.55435580326
25.74 3.714 25.92 4.30796641222 4.59556989805
27.27 2.557 27.72 1.0937936297 1.14877426774
26.32 3.737 26.65 4.21201308894 2.67197108845
23.88 0.57 24.0 0.654744103495 0.532701595793
23.8 1.029 23.9 1.0937936297 1.11339411985
23.74 5.415 23.9 4.94205570568 3.41530338364
29.75 4.847 -21474800.0 -1.7 -1.5
26.17 1.831 26.56 1.24813541263 1.3351859813
24.72 3.503 24.95 3.04687077252 2.97784884461
27.39 3.678 27.5 6.29241421728 -1.5
24.54 1.63 24.6 1.54461746985 1.50859965796
29.61 1.295 27.74 5.93953278371 2.04973872896
25.51 5.816 25.51 5.12839605603 4.53167969827
30.39 3.526 27.25 9.93765836949 -1.5
23.3 2.68 23.41 2.77040279881 2.71282314888
24.22 2.066 24.28 2.07655048324 2.0642309931
30.63 3.431 -21474800.0 -1.7 -1.5
27.64 2.016 -21474800.0 -1.7 -1.5
28.58 1.103 27.67 2.61465648084 -1.5
30.18 1.147 28.26 4.56640831933 -1.5
25.8 1.467 26.0 1.26597471651 0.513666900887
23.38 1.339 23.5 1.38025373115 1.31817919523
29.69 4.139 -21474800.0 -1.7 -1.5
24.42 3.226 24.54 3.2174043174 3.14227231079
30.67 3.308 -21474800.0 -1.7 -1.5
24.83 4.543 25.11 3.79893493907 3.894998929
24.97 4.713 25.11 4.58697045442 3.82317482713
23.77 5.35 23.98 4.74618504882 3.4992600048
23.13 3.488 23.24 3.32860677976 3.15708293397
23.9 2.578 24.03 2.29805530068 2.37618351048
30.83 0.882 27.39 9.77047981641 -1.5
24.22 1.989 24.36 1.79160502206 1.93319370087
25.87 5.96 26.33 6.56456885066 2.83711261212
28.81 4.735 28.06 13.0534196688 -1.5
29.03 5.36 -21474800.0 -1.7 -1.5
25.91 3.752 25.9 3.76881198821 2.29191700915
29.33 3.124 30.98 -1.7 -1.5
29.16 3.165 -21474800.0 -1.7 -1.5
30.29 2.211 27.51 11.0607149267 -1.5
30.42 6.444 -21474800.0 -1.7 -1.5
30.88 3.518 30.09 12.4387378612 -1.5
25.39 2.346 25.36 3.0035895542 2.31165299885
30.55 3.646 27.26 9.99001999932 -1.5
27.83 5.364 27.21 4.80159682147 -1.5
27.0 1.911 26.27 9.36143287936 -1.5
24.11 4.014 24.28 3.64712635956 3.45940103879
24.07 0.928 24.1 1.36386908159 1.08921854569
26.95 2.013 26.6 2.99619487933 2.52623786011
25.42 1.169 25.44 1.30269508062 1.03137865531
26.53 1.259 26.3 3.75426453929 1.37507668802
28.57 3.272 -21474800.0 -1.7 -1.5
23.7 3.162 23.8 3.18693035517 2.95231177415
26.47 3.585 26.18 4.48102842937 3.40899994704
23.1 1.597 23.22 1.98293264656 1.93431973782
29.22 5.463 27.2 10.3936944516 -1.5
27.13 5.021 -21474800.0 -1.7 -1.5
25.06 2.622 25.25 2.73846994839 2.97040279881
28.98 3.489 28.5 8.41838015143 -1.5
26.15 1.928 26.22 2.13574339212 2.76003935344
30.24 1.291 27.32 5.16113099887 -1.5
28.04 2.686 -21474800.0 -1.7 1.01580756891
25.72 2.738 25.65 3.11643715865 1.17262296587
24.81 2.081 24.83 2.8808445353 2.62242223057
30.57 5.142 -21474800.0 -1.7 -1.5
23.76 3.066 23.92 2.79273540165 2.84352517352
29.12 2.764 27.99 2.57825801089 -1.5
26.31 5.124 26.61 4.55612562502 3.35958956185
23.79 1.317 23.96 1.21111291816 1.32790360412
24.57 3.914 24.67 3.7251590464 3.29220880042
29.16 1.787 -21474800.0 -1.7 -1.5
25.44 0.938 25.65 0.707534221948 0.947547092828
30.88 2.554 29.74 7.42490711245 -1.5
28.54 4.691 -21474800.0 -1.7 -1.5
27.96 2.227 27.9 5.94767535203 -1.5
27.73 2.298 -21474800.0 -1.7 0.337854752301
28.38 3.546 27.95 12.5130753644 -1.5
23.56 4.029 23.68 3.92342898572 3.75751471941
29.25 2.066 29.38 0.176958713939 -1.5
24.35 2.086 24.46 1.8909443425 1.92530834863
25.41 0.821 25.45 0.991364119861 0.738999832911
28.66 0.688 29.22 -1.7 -1.5
25.32 2.391 25.58 2.17509175261 2.2798445255
29.95 3.39 27.21 5.77558804943 -1.5
27.02 1.506 27.13 2.64245651968 1.68940804464
30.0 2.987 28.51 9.50956417218 -1.5
30.32 0.865 28.64 7.3743058888 -1.5
29.47 3.483 28.9 0.536145859498 -1.5
29.0 2.291 27.42 7.04723386674 -1.5
29.35 5.624 -21474800.0 -1.7 -1.5
27.75 2.027 26.99 4.48514489537 1.21003145759
29.92 2.7 -21474800.0 -1.7 -1.5
24.38 2.798 24.48 3.17536534871 2.9086342699
24.4 3.666 24.52 3.66586389916 3.24054014628
27.26 4.083 27.05 6.92968679475 -1.5
23.14 1.218 23.27 1.10356080739 1.20381706352
27.35 4.367 27.05 7.15359456465 -1.5
25.75 5.269 25.82 6.07485886096 4.28906416599
23.28 0.827 23.38 0.95380548613 0.900816756737
24.37 1.895 24.43 1.91427534624 1.84274018746
23.05 5.497 23.27 4.74721145045 3.2268200367
25.57 1.126 25.62 1.44313499014 1.15631898678
23.04 1.63 23.15 1.76018852651 1.81089930243
27.86 2.267 -21474800.0 -1.7 -1.5
26.8 5.956 26.75 5.25417732235 0.0632331541678
26.43 1.996 26.26 3.23420799983 2.31494006792
28.74 3.893 28.61 2.60502656358 -1.5
24.68 5.442 24.84 4.79646728235 4.29113218206
28.66 2.391 -21474800.0 -1.7 -1.5
26.48 5.49 26.73 4.90003853433 3.24054014628
29.4 3.981 27.94 11.2869779588 -1.5
29.09 1.917 28.12 3.28562812941 -1.5
25.12 4.194 25.35 3.57107019211 3.10945433355
23.3 2.943 23.48 3.38619720351 3.26796504574
24.37 5.689 24.68 4.26567826041 3.83254839395
23.1 4.033 23.22 3.80308867178 3.56631043895
23.2 1.912 23.3 2.26005415254 2.19728763501
25.11 1.88 25.08 2.65207287897 2.18735103512
24.05 4.957 24.18 4.72770813382 4.16487465919
24.47 1.323 24.54 1.45356833789 1.24222030351
23.3 1.804 23.38 1.79496624946 1.7801001263
26.1 1.64 26.62 0.901959920208 1.38470702921
24.81 1.047 24.94 0.929856308376 1.17512614031
30.96 0.942 28.74 1.8251763475 -1.5
28.25 1.744 27.93 1.6552224069 1.3931211229
29.21 1.286 -21474800.0 -1.7 -1.5
25.31 5.598 25.64 5.48499600533 2.40018543993
26.69 1.635 26.64 1.62910617748 1.8154540777
26.33 4.125 26.12 6.82223109097 2.93420960134
25.5 6.501 25.74 5.22044260051 4.08092049548
28.42 2.873 28.05 4.31415312749 -1.5
29.01 2.145 -21474800.0 -1.7 -1.5
25.55 1.45 25.83 1.26003356756 1.32790360412
28.32 4.222 27.17 9.62038955592 -1.5
30.68 4.041 -21474800.0 -1.7 -1.5
26.58 4.588 26.14 8.48904002527 0.996251177428
23.04 3.346 23.16 3.07850771945 3.0914436632
25.8 2.143 26.16 1.49632775012 1.70784863294
30.62 5.833 -21474800.0 -1.7 -1.5
26.06 1.645 26.22 1.81846929422 1.95119717403
23.68 5.261 23.85 4.76671122211 3.49821154842
27.15 0.511 27.66 0.108604097166 -1.5
23.2 1.419 23.29 1.55034943641 1.45408714902
27.36 2.18 26.48 5.08951263803 1.93206755374
24.76 3.126 24.94 3.07639942087 2.75896725758
30.0 1.646 -21474800.0 -1.7 -1.5
27.8 0.745 -21474800.0 -1.7 0.527962832963
24.43 4.131 24.52 4.03424044446 3.80650677301
26.34 2.803 26.47 3.92653829401 3.20147694657
23.87 4.542 24.01 4.43264615827 3.21943014264
28.26 1.603 28.49 0.814507043877 -1.5
26.15 2.622 26.69 1.3814227312 1.38350407113
27.24 4.608 -21474800.0 -1.7 -1.5
26.72 1.897 26.09 5.36554668484 2.69240592437
27.0 5.52 26.94 6.99251952132 -1.5
23.49 2.522 23.62 2.81823827873 2.78361395203
27.02 1.014 28.05 -0.017123301061 -1.5
27.66 4.609 28.85 2.82779642071 -1.5
29.26 0.628 -21474800.0 -1.7 -1.5
29.55 2.16 -21474800.0 -1.7 -1.5
27.08 0.537 26.96 1.00257322484 0.235875387517
28.48 1.261 27.91 2.59003960249 -1.5
30.16 1.823 -21474800.0 -1.7 -1.5
30.47 4.401 28.41 9.43197570003 -1.5
26.94 5.543 27.01 5.71445247749 -1.5
28.82 4.85 -21474800.0 -1.7 -1.5
25.62 2.635 25.83 2.49348095124 2.84031908445
23.44 3.851 23.63 3.72931784657 3.50869499787
30.55 3.198 30.12 2.24592049892 -1.5
29.47 1.34 27.04 9.79263816139 -1.5
27.1 5.946 27.09 10.1782918046 -1.5
26.21 0.907 26.1 1.4233917646 1.16886565845
24.55 1.936 24.72 2.25570644448 2.35761449219
30.46 1.2 27.18 7.70712986613 -1.5
23.57 0.594 23.66 0.511748978111 0.563970199749
27.73 4.788 27.73 3.33489288407 -1.5
29.97 4.163 29.81 4.7554223105 -1.5
23.4 3.266 23.6 3.69603919295 3.48877432126
26.85 6.845 27.4 5.94258628743 -1.5
29.38 1.013 27.16 7.97802930313 -1.5
23.38 4.119 23.59 3.86121207421 3.68759603901
30.96 2.729 -21474800.0 -1.7 -1.5
30.45 2.808 -21474800.0 -1.7 -1.5
23.17 5.413 23.38 4.74618504882 2.79218112897
30.27 3.458 -21474800.0 -1.7 -1.5
28.76 0.407 26.66 7.76577300581 1.08411097653
26.58 5.645 27.55 6.29749466495 -1.5
23.78 1.61 23.87 1.9475376458 1.87221996998
29.67 2.429 28.28 11.9152493271 -1.5
30.52 2.361 -21474800.0 -1.7 -1.5
29.38 0.442 27.54 11.3282030073 -1.5
26.32 3.979 26.27 4.20788351389 3.4992600048
30.64 1.087 28.82 4.82724095602 -1.5
23.58 1.447 23.7 1.53888199465 1.54040083953
26.18 3.371 26.82 1.70274854822 2.26666434284
30.56 0.34 29.53 1.568668461 -1.5
27.93 2.201 -21474800.0 -1.7 -1.5
27.61 2.165 27.94 1.26003356756 1.73199475491
25.62 5.718 25.82 6.00669870994 4.84041202399
25.26 3.972 25.18 4.68766374099 4.2952680411
27.22 2.468 29.22 -1.7 -1.5
27.25 0.796 27.91 0.101174504059 0.958135997071
25.43 2.124 25.72 1.99728763501 2.3039806679
25.36 1.234 25.51 1.37440608029 1.25331474241
30.9 2.099 -21474800.0 -1.7 -1.5
28.67 5.216 -21474800.0 -1.7 -1.5
25.54 4.295 25.55 4.38835883031 3.32696649919
25.98 2.555 26.37 1.97961799254 2.47200531392
24.29 3.399 24.4 3.17746832172 3.05220953576
23.66 6.178 23.98 4.9430803278 3.2035895542
29.4 2.491 27.13 10.5406206495 -1.5
25.13 1.185 25.3 1.2314418412 1.05976170807
28.55 3.195 -21474800.0 -1.7 -1.5
24.73 3.291 24.8 3.31183955137 3.2953698879
23.58 0.671 23.69 0.811904621976 0.645879830503
23.03 0.66 23.15 0.928592209841 0.691464471125
28.79 3.018 26.85 7.55845915325 -1.5
28.29 0.767 -21474800.0 -1.7 -1.5
23.99 2.503 24.12 2.25896731749 2.29191700915
29.65 3.368 -21474800.0 -1.7 -1.5
24.71 3.72 24.78 3.38933644812 3.22365312374
30.87 0.41 28.87 5.92935408512 -1.5
23.58 4.076 23.75 3.8435731078 3.70743337273
25.63 4.191 25.89 3.98144588626 3.05857507803
27.52 5.759 28.46 7.54126207483 -1.5
25.23 1.743 25.31 2.22524470531 1.96692755993
23.36 5.101 23.57 4.6188332918 3.51288768669
30.74 1.903 28.4 2.56968616016 -1.5
23.99 1.92 24.06 1.96192723153 1.85068513118
24.4 1.597 24.53 1.60064351562 1.61873938604
25.31 2.52 25.29 2.9253379961 2.65905564781
26.76 4.045 26.5 7.10396415842 1.46359888622
25.35 3.616 25.43 3.48446311801 3.14756255408
23.7 1.525 23.78 1.65181963296 1.44694442292
28.26 5.304 27.45 2.73953493745 -1.5
26.65 1.127 26.64 1.3685539843 1.27420618474
26.83 1.514 27.18 0.785777771389 -1.5
24.87 5.369 25.13 4.39350965307 4.21354140599
23.46 3.77 23.58 3.66690469165 3.57468484499
28.74 5.077 28.12 3.70020006204 -1.5
25.03 1.606 25.05 1.78375856032 1.59543708709
26.26 5.104 26.48 4.9502524356 3.79087585301
25.21 4.248 25.41 4.06114026111 4.01970082925
29.37 5.633 28.16 8.85732345304 -1.5
26.6 3.443 27.04 2.82992005376 2.22044768116
25.09 3.453 25.24 3.83111913173 3.82109159657
30.68 3.789 -21474800.0 -1.7 -1.5
25.63 4.387 26.07 2.96765805194 3.48038397469
27.26 4.143 26.62 10.4057714989 -1.5
29.75 2.015 27.73 6.00873367976 -1.5
29.43 4.877 27.57 9.5397910421 -1.5
28.63 0.891 29.88 -1.7 -1.5
30.04 3.508 28.15 12.4377332743 -1.5
29.54 1.934 29.83 -1.7 -1.5
26.96 3.055 27.84 1.68806021406 2.54680826209
30.59 5.47 27.63 12.5854001289 -1.5
29.12 5.822 28.08 6.09418365854 -1.5
30.52 1.586 28.74 4.44809009109 -1.5
28.56 2.129 -21474800.0 -1.7 -1.5
30.91 5.686 -21474800.0 -1.7 -1.5
24.64 0.882 24.63 1.14609224741 0.795407498031
26.63 1.984 26.95 1.71290604582 0.842427869926
28.18 2.73 29.17 -1.7 0.77580585747
28.84 4.331 -21474800.0 -1.7 -1.5
24.77 4.813 24.99 4.43985365414 4.25907139954
24.04 2.5 24.15 2.45151829853 2.2809423917
28.23 2.868 -21474800.0 -1.7 -1.5
29.64 3.386 27.03 10.9953409778 -1.5
28.26 1.771 -21474800.0 -1.7 0.497637502279
26.0 3.528 25.93 4.03631001793 3.54013063971
26.92 1.158 26.51 2.31106751601 -1.5
30.31 3.097 28.54 4.33374141032 -1.5
24.43 3.088 24.61 3.14275520765 3.10627669293
25.82 1.757 26.13 1.17025575416 1.3630170654
28.85 1.624 -21474800.0 -1.7 -1.5
26.8 3.903 26.6 3.97316077039 3.09674194042
28.95 1.362 -21474800.0 -1.7 -1.5
27.51 1.872 28.38 1.3884330456 1.27543250673
25.42 4.72 25.74 4.10974173797 2.09539141286
24.8 0.932 24.88 1.1630170654 0.980529495131
25.43 2.286 25.4 2.91580870428 2.68703005727
30.45 4.534 -21474800.0 -1.7 -1.5
23.59 3.85 23.8 4.00008378499 3.5390831368
27.48 6.449 26.82 8.23562575234 -0.116176360872
24.46 2.4 24.67 2.22633347142 2.40345597279
28.04 1.849 27.78 1.03233818464 1.65935906832
27.59 2.197 -21474800.0 -1.7 1.07259549343
23.68 2.76 23.81 2.61679598196 2.60408305075
30.83 4.404 -21474800.0 -1.7 -1.5
29.53 1.369 27.18 9.65161898381 -1.5
27.26 4.194 26.57 8.0548190493 0.532701595793
24.05 2.362 24.21 2.2502704259 2.44265740207
28.0 3.707 27.61 5.58395676194 0.174442425974
25.64 3.236 25.75 3.65024971536 2.93846994839
24.6 1.499 24.77 1.41524835089 1.4039224212
25.93 3.07 26.56 1.78936369098 2.73214983965
27.47 4.087 27.44 5.26133211505 -1.5
27.1 4.083 26.94 4.54069953212 4.13172015411
25.61 2.155 25.76 2.14230761635 2.03411357006
29.12 1.341 -21474800.0 -1.7 -1.5
26.81 4.285 26.85 4.99634861872 1.8903212307
23.22 2.087 23.34 2.29588577652 2.30178792666
25.85 0.428 25.64 1.32392875022 0.632460854049
28.37 3.102 28.31 2.56218340777 -1.5
30.4 3.747 28.29 1.31096011546 -1.5
26.37 3.092 26.42 4.33786468516 2.92462152448
28.5 3.158 28.49 13.2281390209 -1.5
26.4 5.311 26.8 4.33786468516 1.32668896804
29.12 2.408 -21474800.0 -1.7 -1.5
25.72 4.08 25.58 4.50366674432 4.03423285529
26.56 0.615 26.88 0.302462760383 1.12479770616
23.71 2.73 23.85 2.55896725758 2.64182376749
28.39 4.423 27.42 8.75644920602 -1.5
28.29 3.458 -21474800.0 -1.7 -1.5
28.04 0.601 29.33 -1.7 0.981842294562
26.86 1.605 26.55 2.66168582499 2.44483286214
25.0 0.98 24.98 1.3814227312 0.994943673171
30.35 1.288 29.36 -1.7 -1.5
29.04 3.323 28.9 4.16347690299 -1.5
25.7 3.226 25.88 3.35688742584 0.91825265237
24.02 4.428 24.21 4.07768904241 3.8137996692
30.69 4.6 -21474800.0 -1.7 -1.5
30.22 1.43 29.81 0.630058489674 -1.5
26.07 2.829 26.0 3.07429100441 2.1298075188
26.01 4.298 26.07 4.07975737731 3.91580067326
24.63 0.613 24.8 0.595407498031 0.47819046507
26.79 0.736 28.39 -1.7 0.0508689371836
30.23 2.934 -21474800.0 -1.7 -1.5
25.1 4.247 25.23 4.56023883355 4.78594245012
24.44 2.485 24.6 2.20345597279 2.24027144385
29.84 4.236 26.7 9.14169271955 1.90839273914
29.91 3.377 -21474800.0 -1.7 -1.5
30.28 0.602 30.32 1.51475406896 -1.5
30.03 1.367 -21474800.0 -1.7 -1.5
30.71 3.868 29.11 -1.7 -1.5
28.39 1.908 -21474800.0 -1.7 -1.5
29.66 4.386 32.85 -1.7 -1.5
28.39 3.591 27.08 9.86414466892 0.828680769016
28.08 3.602 -21474800.0 -1.7 -1.5
28.6 3.3 27.27 10.8857044493 -1.5
30.85 0.688 -21474800.0 -1.7 0.704525045798
30.81 0.662 27.26 7.76273995736 -1.5
28.97 3.59 -21474800.0 -1.7 -1.5
30.47 3.082 27.62 2.4655142688 2.18072295957
23.95 1.354 24.08 1.63478919519 1.55918129021
24.55 2.232 24.68 2.20345597279 2.02852854165
27.04 1.632 28.01 0.457735974199 -1.5
25.01 3.161 25.19 3.18798155679 3.03947462005
30.03 2.01 27.43 5.93749708745 -0.303896491735
25.66 5.128 25.69 5.07518420364 4.98005114811
24.11 0.78 24.16 0.938694781207 0.750382575836
30.32 2.445 27.92 10.9842772813 -1.5
25.94 2.447 25.7 4.31724631506 3.21203873713
26.99 3.43 26.73 3.96073122868 -1.5
23.44 0.723 23.53 0.634187612727 0.673931678572
26.15 2.245 26.42 1.88649581209 1.59893677512
27.14 4.072 27.14 9.68486170278 0.603837209897
29.31 0.544 -21474800.0 -1.7 -1.5
27.37 3.653 26.76 5.13658055594 1.8925817825
29.91 6.477 27.67 12.8294706321 -1.5
30.05 5.354 26.84 8.22350691074 -1.5
30.68 3.214 -21474800.0 -1.7 -1.5
30.34 1.955 29.4 11.6398560602 -1.5
27.27 2.307 27.52 1.455885105 1.65820123852
27.91 3.678 28.46 5.71139513569 -1.5
25.49 4.178 25.74 4.06010583768 3.34485989159
28.42 1.836 27.66 12.5160889671 -1.5
30.42 4.454 29.94 8.7191210092 -1.5
26.75 2.455 28.35 -1.7 1.24592112822
27.42 0.657 28.52 -1.7 0.728996170032
27.54 2.232 27.74 3.2237064857 -1.5
29.95 0.255 -21474800.0 -1.7 -1.5
29.26 2.436 -21474800.0 -1.7 0.53742738828
27.39 5.331 27.19 7.81025502473 -1.5
26.95 1.708 27.48 1.08155987437 0.195379454653
24.17 1.413 24.23 1.52969786876 1.39672364512
29.7 0.707 -21474800.0 -1.7 -1.5
23.78 5.604 23.97 4.85595541612 3.52546340015
24.4 0.929 24.51 0.755491870796 0.887338309841
26.33 3.756 26.21 5.24088887171 4.03319496448
23.91 5.802 24.12 5.0813251583 4.32731318499
26.87 6.793 27.34 5.12430361382 -1.5
24.28 0.69 24.47 0.736924697385 0.700179814009
25.39 1.617 25.4 2.04027144385 1.70554564359
23.04 4.585 23.22 4.12938014511 3.68759603901
29.2 3.656 28.58 11.8087175836 -1.5
23.11 3.871 23.24 3.5220454268 3.51917598345
30.56 1.798 -21474800.0 -1.7 -1.5
23.58 3.296 23.75 3.47506318347 3.44680637807
25.51 5.906 25.59 5.10486275341 3.9875107338
25.29 1.725 25.28 2.26983292223 2.03634689779
30.07 3.157 27.86 12.2860325191 -1.5
29.86 1.355 27.62 2.45582565836 1.29012641619
24.52 3.413 24.68 3.41025943049 3.03735163448
26.29 1.43 26.16 2.51389725815 1.48376701907
26.6 4.761 27.17 3.07112815825 2.52298802279
28.03 2.327 28.19 4.26980488409 -1.5
24.92 3.27 25.12 2.82673454997 2.98848284874
29.57 2.646 30.62 -1.7 -1.5
28.26 2.192 -21474800.0 -1.7 1.23481053316
29.33 1.671 -21474800.0 -1.7 -1.5
25.27 3.161 25.33 3.31603194534 2.97997594617
24.39 2.61 24.52 2.54717116672 2.42742217419
28.74 0.786 26.84 12.5532562258 -1.5
30.38 1.574 -21474800.0 -1.7 -1.5
24.66 1.99 24.82 1.78487979306 1.90613540474
24.32 0.474 24.41 0.649276689917 0.556204329642
30.76 4.956 27.3 10.2074851174 -1.5
29.51 4.165 -21474800.0 -1.7 -1.5
25.19 1.26 25.23 1.53314298377 1.16635908074
23.47 1.1 23.57 1.30269508062 1.3448814558
28.11 1.162 28.0 3.79997339836 -1.5
23.09 0.586 23.21 0.896868055274 0.627968344394
24.85 3.737 24.93 3.83838424838 3.62490006981
28.1 2.483 29.88 -1.7 -1.5
24.73 2.446 24.83 2.81717608117 2.61379392156
28.53 3.336 31.47 -1.7 0.345056557843
25.77 0.41 26.09 0.209806345303 0.172321043813
23.22 3.956 23.41 4.03527523867 3.61548874205
27.58 6.391 28.02 3.73763457102 -1.5
30.74 1.256 -21474800.0 -1.7 -1.5
26.31 4.401 25.92 6.08299584151 5.19020347492
23.56 4.956 23.78 4.24194613345 3.94698949695
27.64 5.789 -21474800.0 -1.7 -1.5
26.95 0.71 27.07 1.08400885254 -1.5
27.65 1.879 27.31 7.51698245014 -1.5
27.26 1.118 27.29 1.62683209234 1.46597471651
23.52 5.292 23.73 4.64041202399 4.22699646562
27.01 0.703 26.59 2.22197802626 2.46657388008
26.44 0.761 26.3 1.37206577742 0.875156931391
28.35 4.946 28.62 7.47044188438 -1.5
23.04 1.52 23.15 1.56065821962 1.45765563518
25.73 3.937 25.66 4.14178072469 2.79753416752
25.37 2.962 25.42 3.53561006066 2.65690237194
23.63 3.896 23.85 3.52726301358 3.51498388365
26.37 2.28 26.81 1.01127338142 -0.0960685875624
23.39 3.709 23.5 3.84668622031 3.32486085838
23.1 1.395 23.21 1.81399593992 1.66051674049
30.05 1.664 28.05 5.08439552468 -1.5
27.42 5.37 26.59 6.22330849998 -1.5
27.96 0.862 28.28 0.423465881081 1.59427017979
28.17 2.103 27.49 4.11284287983 -1.5
23.49 6.474 23.79 5.27870651445 2.56843943821
23.51 2.001 23.63 1.78824287118 1.87787985103
26.26 2.85 26.2 3.58462222208 2.85314115211
23.73 4.256 23.87 4.0725179503 4.08092049548
25.4 2.409 25.6 2.34789035005 2.34011981894
23.89 1.977 24.02 2.35762662632 2.26776310149
24.8 4.882 25.03 4.23059353283 3.59352178276
29.2 1.982 -21474800.0 -1.7 -1.5
26.5 0.937 27.67 -1.7 -1.5
27.57 4.351 27.48 13.2281390209 -1.5
30.96 1.255 -21474800.0 -1.7 -1.5
29.31 4.864 27.87 3.2384078745 -1.5
24.85 3.163 25.05 3.90684355996 3.50764676412
27.36 4.381 26.6 8.58592874116 1.47309720641
24.45 5.626 24.78 4.36363067235 4.23424044446
29.21 0.744 30.22 -1.7 -1.5
25.06 5.387 25.2 5.31140545846 4.43059353283
29.43 1.519 27.33 11.4609172181 -1.5
24.15 2.229 24.26 2.32732102459 2.40127568252
29.67 3.891 27.32 6.91955120633 -1.5
27.03 3.054 27.57 1.55722320251 1.72969786876
30.49 0.773 -21474800.0 -1.7 -1.5
24.73 0.97 24.86 0.858476045999 0.954169036238
26.23 1.916 26.25 2.69263799807 1.63965431459
26.71 2.418 27.04 1.54002937167 1.91064961908
29.61 1.243 28.16 1.49863311763 -1.5
24.19 0.57 24.27 0.756814190607 0.567067282768
25.37 1.654 25.63 1.93978343543 2.09427978174
28.47 4.897 -21474800.0 -1.7 -1.5
28.03 3.815 28.67 1.8965029532 -1.5
29.58 3.646 29.64 -0.174589126536 -1.5
24.24 2.399 24.42 2.63069851322 2.67519882621
30.67 2.129 30.1 13.147810534 -1.5
29.94 3.902 -21474800.0 -1.7 -1.5
24.78 3.858 24.96 3.83838424838 3.54641515245
26.0 3.662 26.35 2.99302526202 3.85545492296
25.39 0.834 25.57 0.550382575836 0.784224507613
27.89 0.493 27.85 4.56023883355 -1.5
29.29 3.577 27.59 7.21536837967 -1.5
24.02 0.901 24.14 0.827491926641 0.795407498031
29.43 3.347 -21474800.0 -1.7 -1.5
30.48 0.56 27.07 11.5503900585 -1.5
24.06 1.591 24.2 1.48940804464 1.52157255273
27.88 4.236 27.06 7.36418474404 -1.5
24.49 0.994 24.65 0.791018305036 1.03914020997
27.18 2.519 26.63 7.69196208201 -1.5
27.99 3.013 -21474800.0 -1.7 -1.5
26.83 0.629 26.99 0.543274541666 0.46179862027
30.23 2.926 27.3 7.9103214566 -1.5
28.21 1.12 27.08 3.00675823139 1.04172390069
28.71 4.383 27.28 7.21233060393 -1.5
27.6 1.62 27.19 3.43430956581 3.16342839236
29.89 6.541 -21474800.0 -1.7 -1.5
30.76 5.595 29.02 -1.7 -1.5
27.72 4.642 28.11 2.01824347437 2.70100477756
27.13 3.547 -21474800.0 -1.7 -1.5
30.65 0.83 -21474800.0 -1.7 -1.5
28.27 0.958 27.61 1.81846929422 1.30478048138
25.9 2.316 25.73 3.67210836851 2.5662773172
26.08 1.527 25.91 2.27743523623 1.35093289612
25.64 4.174 25.83 4.02803136474 1.11466268488
25.18 5.66 25.26 5.45641840569 4.39033041685
30.94 5.424 29.61 5.30731850212 -1.5
26.49 2.975 27.46 0.771326131744 1.8925817825
26.17 1.435 25.83 3.58774912815 2.24907395062
30.7 2.056 28.15 9.16387183544 -1.5
29.35 3.996 -21474800.0 -1.7 -1.5
29.95 0.315 -21474800.0 -1.7 -1.5
26.87 2.634 26.81 4.75336965426 2.49046093202
25.51 4.97 25.59 4.8549300253 4.66764865156
27.95 6.225 -21474800.0 -1.7 -1.5
27.41 5.583 30.33 0.268376262593 -1.5
29.08 3.38 -21474800.0 -1.7 -1.5
23.27 0.688 23.39 0.7844664314 0.629466947703
29.76 1.201 30.98 -1.7 -1.5
27.32 3.503 27.49 5.40026823885 -1.5
30.36 3.438 30.53 -1.7 -1.5
29.75 3.833 27.44 9.58009146778 -1.5
26.54 1.17 26.66 1.19672364512 0.910217212331
26.69 3.902 26.84 5.9100130549 0.763126116409
24.37 3.714 24.55 3.41967178134 3.3659006177
27.39 1.171 27.81 0.533288525023 0.861564021981
26.62 1.947 27.56 0.76473737781 1.25700756571
24.93 2.457 25.1 2.28286365527 2.04416048746
28.08 0.483 29.26 -1.7 2.0218232662
27.11 3.033 27.06 6.54426949982 0.835562647708
23.84 6.362 24.13 5.34001089287 4.13275647816
26.04 5.073 26.06 5.85605121898 6.63462378728
24.31 4.85 24.48 4.25432897434 3.89395864636
30.29 5.351 27.49 9.64658207264 -1.5
27.57 0.784 27.88 0.43843558709 -1.5
25.84 3.103 25.74 3.55021418119 3.6834187677
29.76 2.08 -21474800.0 -1.7 -1.5
27.71 1.144 27.05 4.27186811832 3.32591369296
24.93 2.289 25.11 1.94975236314 2.0251763475
26.8 3.302 28.18 1.37908455479 1.38711223459
28.94 1.573 28.06 0.836554778052 -1.5
24.59 1.852 24.66 1.83969616016 1.7492033225
30.88 3.54 27.06 10.2014452063 -1.5
27.45 1.642 26.29 10.2598291769 1.886929531
25.05 4.127 25.3 3.84253536981 3.07554367697
23.73 2.065 23.86 2.22633347142 2.1862465609
26.21 2.205 26.05 2.75869810564 3.30274474373
30.96 1.939 -21474800.0 -1.7 -1.5
27.83 2.715 28.32 2.21326407762 -1.5
29.28 4.778 -21474800.0 -1.7 -1.5
27.62 4.909 28.68 0.57580585747 1.07515732102
27.73 2.277 27.48 5.0557358857 -1.5
23.52 0.734 23.65 0.963851130947 0.710305988564
24.12 6.107 24.33 5.19692560458 4.18765907314
28.59 2.637 -21474800.0 -1.7 -1.5
27.6 1.002 -21474800.0 -1.7 -1.5
24.1 2.306 24.15 2.38248788902 2.40563600369
24.12 0.446 24.22 0.399279575883 0.359334967259
28.31 3.051 28.18 4.53761401651 -1.5
26.81 2.372 26.34 4.51909882891 2.95976235975
29.16 3.527 28.78 3.14485989159 -1.5
25.84 3.725 26.08 3.61275788631 4.28182565407
24.98 2.631 25.3 1.9729864545 2.18735103512
28.26 4.409 -21474800.0 -1.7 -1.5
23.23 5.955 23.47 5.05880687174 3.58305774952
30.07 5.165 27.18 7.96085074262 -1.5
28.45 6.109 28.54 6.55035947977 -1.5
23.92 2.378 24.09 1.98845542756 2.12537151389
27.46 2.73 29.85 -1.7 -1.5
30.73 3.344 -21474800.0 -1.7 -1.5
24.7 5.039 25.0 4.26877324759 4.35521241409
26.25 2.61 26.71 2.05787156807 2.44265740207
29.93 2.727 -21474800.0 -1.7 -1.5
30.34 2.41 26.89 8.36487372146 -1.5
26.6 2.706 26.64 3.70956092893 3.06493935235
23.85 3.848 23.96 3.70228038475 3.51393579744
26.38 2.651 26.88 1.37440608029 2.22265157263
23.28 1.181 23.38 1.35214414356 1.28890345909
27.04 3.328 26.89 5.21533055593 1.58726509719
23.05 4.484 23.22 4.2213038502 3.75021418119
27.94 0.388 -21474800.0 -1.7 0.662165042476
27.34 1.459 -21474800.0 -1.7 -1.5
28.94 2.306 -21474800.0 -1.7 -1.5
28.35 3.859 27.18 6.9479299543 -1.5
25.09 0.874 25.14 0.98512539176 0.877868130829
24.92 0.411 24.99 0.504525045798 0.456846688845
27.37 3.389 26.85 9.95175607991 -1.5
30.73 2.295 27.62 5.8580877995 -1.5
29.97 4.788 29.03 0.274925938702 -1.5
26.07 0.766 25.89 1.86311677181 1.00408629605
30.37 2.1 30.25 -1.7 -1.5
29.37 4.801 28.8 7.35709976269 -1.5
28.18 3.53 28.67 1.09867940055 -1.5
24.7 3.065 25.01 2.81717608117 2.51540305531
25.34 3.868 25.5 3.71788044043 3.46674622152
24.4 0.756 24.51 0.866183765065 0.947547092828
30.47 2.001 -21474800.0 -1.7 -1.5
23.31 3.732 23.48 3.83008118978 3.56735732214
27.18 1.289 26.64 5.2347553097 0.946221140059
25.98 0.723 26.08 0.703505463457 0.257450715198
25.2 3.766 25.35 3.39561431118 2.72463572919
30.52 3.426 -21474800.0 -1.7 0.52162399441
29.38 1.748 28.53 5.2623541983 -1.5
25.12 2.215 25.3 1.82294105876 1.93206755374
28.33 2.122 27.85 2.50207941593 -1.5
29.4 4.9 -21474800.0 -1.7 -1.5
30.33 4.17 28.2 3.66170053832 1.25085138888
26.22 3.322 26.45 2.82142465289 2.77504390596
29.61 0.926 -21474800.0 -1.7 -1.5
29.24 5.037 29.77 -0.316176360872 -1.5
23.17 1.229 23.29 1.51820481154 1.44932618767
28.14 2.854 28.43 4.14384729177 -1.5
25.62 1.07 26.07 0.668368220164 1.03526140639
26.12 1.229 26.33 1.05331474241 1.32790360412
29.62 5.215 -21474800.0 -1.7 -1.5
27.89 1.939 -21474800.0 -1.7 -1.5
27.21 0.655 26.54 3.5554289544 1.45170709533
29.92 6.321 31.39 -1.7 -1.5
24.33 6.212 24.59 5.09258280786 4.39962371881
24.57 3.268 24.76 3.25415371299 2.9746579092
25.14 1.163 25.38 0.894319787857 0.983154606221
25.97 2.168 26.06 2.09301406834 2.35105604749
29.84 2.685 -21474800.0 -1.7 -1.5
25.81 4.027 26.05 4.24194613345 3.88043326464
29.31 1.768 -21474800.0 -1.7 -1.5
24.95 1.153 25.21 1.02243652596 1.21127338142
25.36 0.496 25.51 0.625923295652 0.343260093894
29.46 2.617 31.07 -1.7 -1.5
26.92 2.552 26.74 2.28069246752 2.5608710502
23.7 1.046 23.83 1.00878921636 1.02749192664
28.58 6.011 -21474800.0 -1.7 -1.5
29.04 3.869 27.75 4.64760391072 1.77324274682
24.15 1.529 24.29 1.83076284664 1.8381975079
24.51 5.235 24.71 4.60547270146 4.22596155147
30.18 1.735 26.59 8.86034939665 -1.5
27.32 0.695 27.79 0.756814190607 0.887338309841
24.91 6.215 25.05 5.79392459041 5.22297401584
28.18 1.918 28.97 0.0358753875174 -1.5
30.29 2.831 28.92 3.71372083235 -1.5
30.22 0.898 -21474800.0 -1.7 -1.5
25.3 4.049 25.3 4.34198776138 4.12757469804
24.24 3.562 24.42 3.45834781926 3.41005058611
26.59 2.289 26.88 1.65862408746 2.0251763475
24.12 2.732 24.24 3.02154169478 2.84459378489
25.22 4.834 25.32 5.00658983859 4.27665485313
24.79 1.22 24.83 1.5492033225 1.16635908074
23.91 6.421 24.12 5.5166293589 2.52840413187
23.55 3.156 23.68 2.93909777087 2.87556522466
29.88 3.251 28.81 8.2426949286 -1.5
23.63 6.296 23.89 5.30834025218 1.98712194835
26.54 2.788 26.57 2.23721766064 1.83478919519
25.5 0.876 26.06 0.067109239909 0.504068018589
26.41 2.13 26.3 2.92957236957 1.98487979306
30.0 1.267 28.38 3.5554289544 -1.5
26.03 1.179 25.99 2.0589709288 1.90161936742
26.04 3.577 26.04 4.29662291813 1.58376020356
29.57 3.439 27.31 11.2105566867 -1.5
28.82 4.301 27.18 10.4228803637 -1.5
29.35 0.755 28.03 8.34266175338 -1.5
27.85 2.407 28.89 -1.7 1.018407253
28.01 2.7 27.73 3.44998802239 -1.5
30.37 5.331 31.28 -1.7 -1.5
29.68 4.688 27.86 7.1211837714 -1.5
24.84 4.987 25.2 4.15727861935 4.37793763654
29.63 3.338 28.04 6.28326911883 -1.5
30.5 0.459 28.29 0.435450389032 0.401239472035
30.95 0.431 27.92 12.3222010653 -1.5
29.92 3.1 28.65 1.03233818464 -1.5
25.51 5.489 25.75 4.38732862964 3.14650457095
24.34 1.951 24.56 2.05017391922 2.14975236314
25.26 3.353 25.51 3.39456805853 3.14544655508
28.32 4.574 27.3 7.47246551452 -1.5
28.05 1.787 26.98 5.94767535203 -1.5
29.89 5.031 -21474800.0 -1.7 -1.5
23.81 4.682 23.89 4.39763009505 3.94906817052
26.19 0.788 26.08 1.57895756563 1.05075323181
30.66 0.852 -21474800.0 -1.7 -1.5
25.17 3.417 25.27 3.16064147338 2.94379450403
25.93 1.268 26.32 0.77527339363 1.42068752949
24.84 4.887 25.04 4.58594245012 4.06536171469
29.86 3.159 -21474800.0 -1.7 -1.5
23.0 3.495 23.14 3.27094290893 3.1940818326
25.84 1.456 26.32 0.793635693854 -0.324456313261
25.18 3.404 25.63 2.57718668769 2.67950178266
30.44 2.974 -21474800.0 -1.7 -1.5
25.24 2.143 25.25 2.37600513425 2.17188090789
29.44 3.089 27.11 7.62218244128 -1.5
28.85 2.404 26.99 10.0000891392 -1.5
30.71 0.58 -21474800.0 -1.7 -1.5
26.38 2.61 26.48 5.37371719674 3.07872429588
30.07 3.75 -21474800.0 -1.7 -1.5
25.11 6.428 25.17 6.01585590867 4.39859118379
24.59 4.409 24.72 4.75644862396 4.24355305504
24.87 2.982 24.9 2.99302526202 2.87876716954
26.65 2.846 26.19 4.44809009109 3.12322060962
30.84 4.416 -21474800.0 -1.7 -1.5
23.89 0.473 24.03 0.520388293108 0.446893650815
23.9 4.223 24.03 4.23885012791 3.99997339836
23.56 1.006 23.62 1.17628131845 1.20630377892
29.93 1.772 29.78 -1.7 -1.5
27.95 0.984 27.53 2.58468500559 0.504068018589
26.5 3.182 27.06 2.49993009079 -1.5
25.67 2.728 25.99 2.20127568252 2.48394915941
29.94 1.704 -21474800.0 -1.7 -1.5
26.19 2.513 27.15 0.673800417074 -0.0960685875624
27.91 3.306 -21474800.0 -1.7 0.499247509856
27.47 5.2 26.46 9.99102691915 1.01060272274
24.43 2.447 24.59 2.23830573391 2.27545232097
29.19 4.136 27.6 11.7554483093 -1.5
24.73 3.178 24.88 3.27513919076 3.05645337182
23.52 2.547 23.65 2.34031455378 2.32151228705
30.67 1.817 29.39 -1.7 -1.5
28.48 3.147 27.51 5.44008595917 -1.5
27.72 5.613 27.32 4.53349984102 -1.5
25.29 1.344 25.13 2.22959939001 1.76638050335
28.46 4.546 27.6 8.22956637166 -1.5
25.68 6.368 25.82 5.4819343725 4.90717445492
25.67 0.974 25.7 1.53199475491 1.08921854569
28.28 0.639 -21474800.0 -1.7 -1.5
26.46 5.385 26.47 5.39822601959 2.59544755826
23.45 3.282 23.57 2.97928696706 2.89157125621
30.21 4.565 27.54 10.2749278169 -1.5
24.38 2.144 24.44 2.76614708083 2.58248788902
26.4 2.881 26.03 4.82518964253 4.00931874965
24.73 2.363 24.92 2.65420938314 2.46440088145
25.71 1.9 26.07 1.61773069746 2.02741124195
26.26 1.581 26.96 0.801476468665 1.1462565371
29.54 5.673 -21474800.0 -1.7 -1.5
24.29 3.791 24.46 3.41444292535 3.42160586826
25.63 2.046 25.58 2.64886780658 2.10317029523
23.87 5.361 24.16 4.50881105301 4.25182991972
26.23 3.357 26.15 4.28837213788 3.55374599426
27.1 3.805 26.9 5.16419948381 1.32425891418
28.51 6.363 -21474800.0 -1.7 -1.5
30.44 3.266 -21474800.0 -1.7 -1.5
30.55 3.13 27.15 10.934992075 -1.5
28.73 1.978 30.13 -1.7 -1.5
27.48 2.281 26.79 3.92135603324 2.60408305075
24.44 1.119 24.36 1.74782364274 1.35093289612
27.51 0.413 29.78 -1.7 0.68563551986
23.85 1.738 24.04 1.67221996998 1.71705470973
23.86 1.043 23.97 1.14124756238 0.97527339363
23.36 0.541 23.45 0.766056133289 0.67979133153
28.22 2.499 28.1 6.61835415828 -1.5
24.55 1.293 24.66 1.12547407156 1.15003260148
23.92 1.542 24.04 1.54002937167 1.45765563518
24.16 1.548 24.31 1.38960081976 1.36663750791
23.43 2.638 23.54 2.84902628702 2.73214983965
30.93 2.982 -21474800.0 -1.7 -1.5
27.32 1.932 26.92 2.78848284874 -1.5
27.79 1.84 27.03 5.96192401532 0.359334967259
24.96 1.916 24.96 2.14668238235 2.20611466608
29.48 0.539 27.25 8.45673962641 -1.5
23.34 2.881 23.47 2.70010405517 2.63104720277
28.98 0.791 -21474800.0 -1.7 -1.5
26.13 1.8 27.31 0.435450389032 -0.0675007676841
26.47 1.221 26.5 1.12061187131 1.21127338142
24.4 2.074 24.5 1.99728763501 1.9534456558
28.26 0.359 -21474800.0 -1.7 -1.5
23.27 2.497 23.35 2.4612087223 2.45788042117
28.13 2.261 27.22 7.90425752671 -1.5
26.64 4.544 26.32 5.90899505114 0.97527339363
24.86 2.706 24.84 3.0268200367 2.63859133784
24.86 1.078 25.05 1.32510656163 1.20132906457
30.65 4.358 26.84 9.14169271955 -1.5
29.18 0.482 -21474800.0 -1.7 -1.5
23.65 5.301 23.84 4.67739347509 3.9012402327
25.65 2.347 26.12 1.5365868161 -0.140929552937
23.08 5.366 23.3 4.7307878421 3.89811966481
25.76 2.897 25.96 2.71822769662 2.8894376504
27.93 2.863 28.09 1.67448427789 -1.5
30.2 0.239 26.56 9.62945630641 -1.5
23.61 2.035 23.7 2.09081987702 1.99496624946
24.19 2.085 24.32 1.88204581407 1.94332408533
26.96 2.729 27.88 0.589821920249 1.8971014968
25.32 1.947 25.35 2.32732102459 2.49480092593
30.34 5.34 27.66 9.52266264659 -1.5
24.45 2.625 24.54 2.82461069991 2.87663258083
24.06 4.263 24.23 3.8529119897 3.67088486846
30.99 4.498 26.9 7.71926366056 -1.5
28.02 2.722 -21474800.0 -1.7 -1.5
29.97 2.619 27.43 11.6589546721 -1.5
30.12 5.768 -21474800.0 -1.7 -1.5
25.07 5.093 25.19 4.76158004482 4.07469743108
28.83 1.464 -21474800.0 -1.7 -1.5
26.92 3.375 26.48 6.85163343827 -1.5
28.66 3.652 27.29 7.72533041405 -1.5
26.46 1.379 26.7 1.10478048138 1.46953689632
27.47 1.957 27.43 3.21320234411 -1.5
30.37 1.314 27.88 12.2810090357 -1.5
25.49 4.304 26.16 2.53966164683 3.24370559552
29.01 2.01 28.25 11.3151318173 -1.5
24.2 2.03 24.27 2.16744757336 1.98487979306
26.12 4.032 26.21 3.6398378525 2.92355598551
29.73 0.425 26.92 8.75443153161 -1.5
28.77 4.978 27.79 11.0858576517 -1.5
27.88 3.632 27.54 6.5544193831 -1.5
30.62 1.911 28.0 5.39312034888 -0.236939957512
25.24 1.372 25.38 1.37674567195 1.17262296587
24.96 2.993 24.98 3.4917729645 3.02461069991
25.29 2.304 25.44 2.36519617414 2.27105892863
28.28 2.334 -21474800.0 -1.7 -1.5
24.34 1.983 24.39 2.09301406834 1.90500656672
24.24 2.033 24.28 2.1291766622 2.15860782854
28.99 3.073 -21474800.0 -1.7 -1.5
27.87 3.63 29.11 -0.0848288157319 -1.5
27.64 0.565 27.16 9.69090566726 -1.5
24.1 0.922 24.17 1.02615195911 0.920926664523
26.62 6.01 26.48 5.68795370881 -1.5
25.18 1.635 25.46 1.38492867647 1.56972476092
29.45 0.518 28.08 4.80057093273 -1.5
29.94 4.493 -21474800.0 -1.7 -1.5
30.0 4.186 28.36 4.24916968652 -1.5
27.54 3.312 28.34 3.49386129789 -1.5
30.02 1.729 -21474800.0 -1.7 -1.5
25.41 6.728 25.55 6.48133083669 4.84657652951
25.43 1.809 25.52 1.65295401272 1.66861605314
26.71 3.681 26.54 4.26464657211 3.17928696706
29.5 5.366 -21474800.0 -1.7 -1.5
30.3 6.255 28.15 5.11816470942 -1.5
25.12 2.231 25.07 3.07639942087 2.36744757336
29.44 5.45 29.3 11.2749117987 -1.5
30.94 0.712 28.29 3.19428820017 -1.5
28.6 2.672 -21474800.0 -1.7 -1.5
30.65 3.428 28.01 11.7122281475 -1.5
29.35 4.59 29.1 3.16379704254 -1.5
29.69 4.21 -21474800.0 -1.7 -1.5
28.49 5.756 -21474800.0 -1.7 -1.5
25.94 1.416 25.96 1.52510237651 1.13995597074
23.97 1.044 24.14 0.932383406542 0.970009382948
25.32 3.467 25.39 3.79685796818 3.78879138989
30.88 2.131 -21474800.0 -1.7 -1.5
28.15 1.552 -21474800.0 -1.7 -1.5
27.18 5.861 27.27 4.10043754109 1.30478048138
30.9 2.637 -21474800.0 -1.7 -1.5
23.45 6.007 23.73 5.02297401584 1.97478495752
25.16 1.114 25.37 1.22785906797 1.00930036307
27.48 3.765 28.3 0.789708893024 -1.5
25.47 6.08 25.84 4.84057357915 3.93243675487
25.97 1.655 26.08 1.85531457671 2.13091630159
29.56 3.882 26.51 8.07199382045 -1.5
25.81 4.652 25.8 5.00863797993 4.80033353535
29.22 2.482 28.67 11.0727835105 -1.5
26.94 3.911 27.87 1.48479188619 2.29520796828
26.16 5.07 26.35 3.96073122868 2.97891241424
26.14 3.676 26.08 5.31242717926 4.03942205418
25.53 6.129 25.91 4.78005114811 4.25700247908
28.9 4.13 27.01 6.55137446185 -1.5
23.13 2.57 23.23 2.38896869294 2.40781577579
27.47 3.43 27.24 2.5096005337 1.34972311062
26.24 0.678 25.83 1.60292348678 1.07387661078
28.54 3.118 -21474800.0 -1.7 -1.5
30.23 0.845 -21474800.0 -1.7 -1.5
28.15 2.211 28.53 1.48248289477 -1.5
29.55 4.991 -21474800.0 -1.7 -1.5
27.41 3.672 28.78 4.04355305504 -1.5
30.74 0.404 29.6 13.3395885832 -1.5
30.27 1.443 30.21 0.115985653032 -1.5
28.4 0.631 30.35 -1.7 -1.5
30.38 4.641 26.9 8.96624723385 -1.5
27.88 1.155 27.42 4.23162565347 2.42742217419
24.22 1.564 24.3 1.69823113689 1.48731995058
29.64 3.212 -21474800.0 -1.7 -1.5
28.41 3.483 27.92 12.0770400557 -1.5
26.51 3.979 26.97 3.46984023506 2.37509175261
28.62 5.198 27.96 9.35840944613 -1.5
29.44 1.957 27.15 6.13384464163 -1.5
25.96 1.505 25.93 2.26005415254 1.92418142596
27.74 4.88 26.74 3.75114677201 2.1298075188
23.65 0.872 23.76 0.885388465315 0.926268062446
28.36 2.277 27.12 9.80573141604 -1.5
29.56 3.24 -21474800.0 -1.7 -1.5
25.33 3.069 25.64 2.8511484883 2.77182939438
24.51 3.668 24.62 3.38305774952 3.35327751219
25.64 1.015 25.68 1.24217830952 0.992327238227
29.8 4.166 27.21 11.8519343763 -1.5
30.74 5.87 27.55 9.29995362919 -1.5
28.68 0.728 28.55 0.722262839968 -1.5
26.68 4.626 26.73 4.71025476165 3.09886101231
23.96 1.659 24.07 1.69823113689 1.51567869115
27.56 4.286 27.51 10.2084917649 -1.5
26.67 5.944 26.35 8.31741961905 -1.5
24.54 3.098 24.7 2.78316631615 2.77718668769
27.37 2.991 27.49 3.70228038475 -1.5
28.1 0.725 -21474800.0 -1.7 -1.5
29.68 4.822 28.45 1.56523632011 -1.5
24.18 4.712 24.43 4.06114026111 3.98958801962
30.84 5.33 -21474800.0 -1.7 -1.5
23.78 0.982 23.92 0.857189964633 0.971326131744
27.74 3.212 27.85 2.23504132611 -1.5
29.15 0.774 28.17 12.0137330311 -1.5
27.45 4.267 27.38 3.37887148436 1.6175758749
28.08 4.198 -21474800.0 -1.7 0.42340434586
24.41 1.801 24.47 2.17072405256 2.08649581209
25.18 0.435 25.23 0.456257577685 0.484699236292
25.11 2.077 25.39 2.24592049892 2.17851294303
26.1 2.948 26.43 1.79608645402 0.385681424641
28.59 1.642 28.58 0.26509097289 1.02100512358
25.13 2.205 25.19 2.18164130071 2.06980068993
23.45 1.168 23.57 1.22666436775 1.07643762514
29.49 4.65 28.29 13.2442042651 0.0201928353542
25.67 2.312 26.29 1.39427017979 1.85635642167
28.85 4.533 28.4 8.02551933044 -1.5
28.0 1.419 -21474800.0 -1.7 0.63843558709
23.19 1.529 23.31 1.64046909528 1.63384994457
23.8 0.602 23.93 0.809300363067 0.764538091935
29.21 2.713 -21474800.0 -1.7 1.33761138056
29.19 2.442 -21474800.0 -1.7 -1.5
25.31 0.801 25.2 1.17025575416 0.966056133289
30.69 2.308 28.26 1.43733305452 1.32790360412
29.2 5.584 28.27 1.77029564748 -1.5
30.44 2.069 27.32 6.46610128214 1.21871829744
25.77 3.634 25.96 3.1827252782 2.95124725077
29.5 2.575 28.64 8.12149378427 -1.5
23.96 3.456 24.13 3.76361687267 3.47933506832
27.4 1.146 27.78 0.844305858939 1.31574546288
25.75 1.117 25.82 1.07665854512 1.16259663958
28.96 4.685 27.73 10.1722516797 -1.5
29.71 4.3 -21474800.0 -1.7 -1.5
30.88 5.51 30.03 -1.7 -1.5
23.49 3.969 23.63 3.63775524735 3.49611456116
30.21 0.509 27.84 5.67164473162 -1.5
30.43 0.859 -21474800.0 -1.7 -1.5
25.58 1.394 25.75 1.15697807902 1.06618376507
26.91 3.276 26.46 7.49168942197 2.22044768116
29.11 0.442 28.37 2.65207287897 -1.5
27.02 3.476 27.49 3.69915987274 1.30599988537
26.26 2.022 26.35 2.19473324953 1.75836834594
